-5.336895532625325345e-01
-3.719456626832684520e-01
2.874569951591183781e-01
-7.263985278054454486e-01
-1.405132839733975736e-01
4.978788176941237875e-01
-5.320689075820825842e-01
-4.522873976112350841e-03
3.187664697654744028e-01
-4.979702449116918395e-01
3.167015633697187749e-01
5.404072174475920143e-01
-4.374204432111459262e-01
-8.144229888358285319e-01
4.923595087164578388e-01
-8.795314556907716241e-01
4.033222215546767853e-01
8.656587780193316650e-01
8.300416016223426396e-01
8.110448875433040605e-01
3.407761806758924372e-02
-7.308480164567094928e-01
-8.134122374027705771e-01
2.889926974358727474e-01
7.509985634888465267e-01
8.430372797385790040e-01
5.762545135250956019e-01
2.088393581180285619e-01
-7.494490734413985500e-01
-7.834096423906271589e-01
5.748444374441916693e-01
7.670525305370730074e-01
-3.993200174957551862e-01
8.942647567780179774e-01
4.896815461877859210e-01
3.996638578920022056e-01
2.200866101409371112e-01
4.558648489360939138e-02
6.059570299357042167e-01
-2.920543630798237977e-01
1.657021004755734328e-01
5.478578292495069890e-01
-6.125729146029903482e-01
-5.926867020047812407e-01
2.392366586136664974e-01
-4.891443375652093639e-01
-8.587831559418317440e-01
-8.759106946302805952e-01
7.677531575949503306e-02
4.708014812072420785e-01
-2.389678752217003765e-01
-8.502016577708655376e-01
-9.464661461678507415e-01
1.227460693977358019e-01
6.126864216897422999e-01
-4.445672685327031193e-01
-8.573876525346129096e-01
8.929376542740250500e-01
-9.833094231039385402e-01
8.277036089664426832e-01
-3.106730048009429535e-01
-9.706589730252310755e-01
-3.798255732344302249e-01
-6.462152635312119475e-01
-4.299043167792230835e-01
7.420148167206759293e-01
7.947186360908575775e-01
-1.857979271431324797e-01
-3.035931037281143219e-01
7.161707602535336559e-01
-7.046311408828811462e-01
-7.749223633523598664e-01
-5.314136773126818536e-01
-2.677302673504851072e-01
-8.417508576209598026e-01
7.644753943468136637e-01
-5.493728129271311378e-01
8.985390974203975034e-01
9.834673888303617773e-01
-1.923961186724294503e-01
-9.890627107589931022e-01
-8.282401289413166001e-01
-9.584320513823396670e-01
6.571196565636265863e-01
-1.473383986661092049e-01
9.290767524267966593e-01
7.441893809723709730e-01
1.000000000000000000e+00
-1.416085266314346391e-01
2.869881630600907285e-01
-6.650603206638707743e-01
-8.976460692865118052e-01
7.503570089573406987e-01
-7.247703880809341914e-01
-8.069107271839297546e-01
9.010984833165855967e-01
-5.530720368727806147e-01
4.874023196057821750e-01
1.780962546258728629e-01
4.621546404255920670e-01
-5.379962405561806715e-01
-9.501107817509002462e-01
-3.135314979956740356e-01
-3.343042208672808435e-01
3.965542118449745246e-01
-2.849308343700667212e-01
4.112616038734768775e-01
5.971668192686043763e-01
-1.484195961500540673e-01
9.991916999383498865e-01
-8.269745491334790088e-01
7.336432695762233891e-01
-9.536117572242643892e-01
3.795902353072315716e-01
3.580130587676411125e-02
8.220092998585231125e-01
-8.556272962532958104e-01
-4.048947526830619648e-01
2.269242207495247854e-02
-2.516705786973059134e-01
-5.908832945610161813e-01
3.764392044454092368e-01
-9.361352284280577418e-01
6.360325072325050400e-01
5.675475278798836065e-02
4.194126634699806289e-01
-5.483327261435462230e-01
7.805742504296482309e-01
9.615221834223237618e-01
6.719085298973874743e-01
-1.843266591123607079e-01
-3.666861154923244936e-01
6.559168789634244323e-01
-1.358824649581134025e-01
7.252191212360106221e-01
-1.237743181990385438e-01
-3.282226574192044222e-01
2.085128329288745697e-01
-8.354161080239019821e-01
2.337183429784368549e-01
-6.017828535849347737e-01
-5.387645744079465615e-01
7.555751833778809878e-01
9.717795691082242726e-01
5.525415773638193695e-01
1.527998437090463124e-01
7.732925531260443908e-01
-6.498573168279646595e-01
-5.546119478763289479e-01
-5.556282444307547586e-01
-4.517694941437013778e-01
1.474331597546827410e-01
1.497460624656081762e-01
4.159346744660608053e-01
-2.010143441251899254e-01
4.689466309131458122e-01
8.587146804676581979e-02
-2.375543992091742052e-01
4.128182447292143564e-01
3.045212323028703150e-01
1.083094169536935603e-02
-2.479196735274902252e-02
7.806371221394516891e-01
-3.888827495931463929e-01
3.084752850608651897e-02
3.782973892118288717e-01
-1.837678060607932373e-01
5.551201083430465921e-01
-8.556614742454791145e-01
-2.197787288514663206e-01
-2.042561912352871545e-01
-1.747168512802714790e-01
6.557024331358281000e-01
-2.810794175352814284e-01
-2.873499810207378324e-01
9.199218828257997860e-01
-2.835848921721186855e-01
4.450696604771160469e-01
-1.731846023148735370e-01
7.534180924879869679e-01
-3.156002285571480881e-01
-3.075613970221415805e-01
-3.075008570259216700e-01
7.272710539910656191e-01
8.106432088734494279e-02
8.936726446180776051e-01
7.493713240086277150e-01
-9.630905353098271338e-01
-5.745224809176944225e-01
-7.736319407087732802e-01
5.441599464769852901e-01
9.677125678363009964e-01
-2.951542191493627398e-01
-1.593350906166948189e-01
-6.138428885170448268e-01
-3.512886413514935136e-01
-6.223539287054877800e-01
2.174246716389047762e-01
-7.854880836342552630e-01
8.964181770110444258e-01
-3.116419622195678585e-01
9.228641891061375446e-01
2.833533457419279422e-02
1.240362360679263531e-01
4.977305834578773513e-01
7.038208583863121426e-01
3.318676244815661480e-01
-6.443019419619249177e-01
7.608744933203814842e-01
6.212593502138836765e-01
-5.211842694399888565e-01
-5.497452707691286022e-02
-8.852753053742870026e-01
-5.436141359396213790e-01
2.690642206037157091e-01
-4.588073737601023883e-01
9.051332686243240833e-01
2.596453261888564956e-01
-6.474744643845811165e-01
-2.350853424018195525e-01
5.193117036310141987e-01
-8.330733173370847844e-01
-3.889360834255546351e-01
4.077186450751324465e-01
-1.578839478817413156e-01
-3.475521210942988937e-01
9.134938008471935600e-01
-8.358812927787830915e-01
-2.784806310299750010e-01
4.200104759027678547e-01
-8.084284822574561158e-01
4.306500520874125826e-01
9.685666560269017289e-01
9.955417132986377204e-01
-1.266553560848924231e-01
-4.693259966768301705e-01
-3.874411419842951343e-01
-6.105469670276146843e-01
7.207581805375968820e-01
-2.119947966481849910e-02
-2.340326630267479668e-01
7.025682921223859179e-01
-6.640111749803940810e-01
-3.314833426396013305e-01
-1.258921803801560380e-01
-1.000000000000000000e+00
-7.076733527623118025e-01
-6.593936841482468392e-01
7.462580796107822767e-01
-9.893073894640969090e-01
4.784429711000603991e-01
-3.341802793168491270e-01
-9.610506601446691111e-01
-4.102103965238754757e-01
7.949924382344475404e-01
8.964993538597505474e-01
-9.727635342843090616e-01
-3.341842747317686491e-01
-9.547746153985903206e-03
3.283810377471336750e-01
7.199055333873749518e-02
1.934365395499813844e-01
4.143459030727869585e-01
8.910806119032785855e-01
-3.260918007875579505e-01
