-7.281004302494211711e-01
-9.507288322670934821e-01
-8.255136758589287638e-02
-1.442794606760242626e-01
-1.570412295253293955e-01
8.289636096985852909e-01
-8.428758889076937155e-01
3.674277266882253201e-02
9.865292948632640169e-01
5.869257326921697437e-01
-8.455917716946401708e-01
6.380635828157663614e-01
-1.743871659129776486e-01
-9.840807983220654087e-01
5.343762373490925643e-01
2.091739652071646915e-01
-1.307540082271907433e-01
2.877778914140426414e-01
-6.181628611470166845e-01
-3.934569902216991100e-01
3.926778354658682080e-01
5.578476434017545227e-01
3.779956116873901539e-01
-7.706178663952081287e-01
-3.157229492495823298e-01
9.187338255711234858e-01
-1.319179357224096183e-01
-9.234749532347275025e-01
3.347006376890408474e-01
4.537011164146129705e-01
-4.204865789490144223e-01
3.240395896803338616e-01
-1.293215131429602538e-01
3.082873558133871761e-01
-5.097228599998659959e-01
-6.490818952895673899e-01
4.657466867452917381e-01
-6.479631256181326293e-01
-1.048455564875836465e-01
-5.275153825789069550e-02
-9.521483321060562055e-01
1.879163486037800368e-01
-6.940381667786827968e-01
-9.495530239455498567e-01
-8.858308385708488775e-01
-2.215481736262603363e-02
7.555423425934468806e-01
-5.308345278525696820e-01
-6.896183435395883965e-01
4.579106014945013570e-01
-1.003871149879966840e-01
1.367997121736357347e-01
5.648276201021686926e-01
1.380997028034514074e-03
-3.802864063671322903e-01
-5.587999199356388225e-01
1.363053324594465376e-01
-5.444980210715495428e-01
-7.107359215819544218e-01
-2.830664189653855356e-01
-4.260273027573692195e-01
-7.348472752727608359e-02
8.897865898951153873e-01
-5.811208961265494910e-01
1.283061291892464428e-01
9.316543490350697176e-01
7.640215812096355918e-01
6.080727345177745491e-01
-9.300271088701552724e-01
3.895845189608109216e-01
-1.365862784796252338e-01
-1.659284593075673886e-01
8.950330704227755785e-01
-1.317010784964014469e-01
-1.572528769984105068e-02
7.639215159160561708e-01
9.319432354342163105e-01
1.349831922367170645e-01
-5.521914647585781655e-01
-3.051064588950034295e-01
-8.359767347290127937e-01
-3.845635700828371473e-01
-7.973602916795590190e-01
4.376256987940307930e-02
-1.557177896886752233e-01
6.940469749550581824e-02
6.534440217455281807e-01
7.151912379447535884e-01
-3.777430775586663181e-01
-6.033622040407116138e-01
6.074838703463973921e-01
4.048926025815280383e-02
7.364875978150628999e-01
-9.493903356769852753e-01
-9.220416181615675999e-01
6.932262410321976542e-01
-1.148953494895090799e-01
-5.845541550700215083e-01
-1.369030159327111473e-01
9.562865303256884442e-01
3.564559214525520048e-02
8.204671637583225152e-01
7.813841315222549433e-01
6.057337241183102794e-01
-2.865314488883408117e-02
-4.721233028901927753e-03
3.491105728033854216e-01
-2.266406594042222888e-01
-8.453116175334538518e-01
3.169634068601736576e-01
-5.973695920514123792e-01
8.033408195297446763e-01
3.307727399912410160e-01
-7.792301042674936173e-01
-9.446068628104911102e-01
-8.990115461994716561e-01
-2.523544563899360327e-03
6.155097696705842392e-01
2.086867027777672412e-01
3.998717523627571824e-01
-5.112610949965969986e-01
-8.555177199449000014e-01
7.688781124242987097e-01
3.689342926374137299e-01
-2.249141903811278098e-01
7.136316181279471760e-01
5.458648778649437538e-01
-5.535940437822661764e-02
-3.425699043997479376e-01
6.016020467728482313e-01
3.487651141162979584e-01
4.168495785038974777e-01
-6.247546632077836115e-01
-4.859476937307529165e-01
-3.370738020532177970e-01
1.834213055504372303e-01
-7.224873669409166421e-01
4.314506562534445866e-01
-3.781409327063700587e-01
-9.937572071009448393e-02
2.311952554569798313e-01
3.220049678683456484e-01
8.365357502776338272e-02
-8.324095114911478355e-01
-2.744383104371967974e-01
1.875837497460386416e-02
-1.427239959280279802e-01
1.102820621302780246e-02
6.323998286036567329e-01
-4.414111077264262217e-01
8.377214063743958494e-01
1.198422742380680361e-01
5.908515173696711198e-01
2.005406093894104291e-01
-7.298568042983666349e-01
-6.326336992666914405e-02
-9.286198155839737733e-01
5.702916783428315650e-01
-5.795335369804883729e-01
8.600676680722196821e-01
2.125874888975987087e-01
3.188116463849817173e-01
-2.839860431614760206e-01
4.032706035911295395e-01
-5.514195706811955144e-01
9.198215968324959801e-01
3.483632769647959648e-01
-3.365313902959272685e-01
-2.507764472622135976e-01
3.488434199658461132e-01
-1.226991993371657763e-01
-9.989044539530311795e-03
5.260607395472516323e-02
5.268654949217081995e-01
-1.000000000000000000e+00
-5.327938999952942095e-02
6.834530587046023786e-01
2.867285030084834041e-01
7.974007858726750442e-01
9.045863988870321837e-01
2.644438225979037771e-01
3.115132416390096193e-01
5.854672926607398242e-01
-3.466790146934990435e-01
1.070638430391630536e-01
-1.949011926415455953e-02
-1.376732556148394515e-01
1.892036212094867498e-01
-4.999019143795091491e-01
-5.480392128594359091e-01
7.859688280022836260e-01
2.525728671975882023e-01
-7.579458956888920351e-01
1.991579740654110253e-01
-4.903194793568883547e-01
2.847388209309480445e-01
1.740599607359016865e-02
4.440444640445313507e-01
-7.143441512897612533e-01
-2.690839767651584946e-01
-3.889554614917509756e-01
-5.980394023327547659e-01
5.221527430807526571e-01
-1.461168696718533333e-01
7.915978707895088284e-02
3.179123878838006068e-01
-7.157538946528447799e-01
7.698379843752811702e-01
7.070334695808220271e-01
4.240772324432668938e-01
-6.541245735152962926e-01
-8.603934703589120048e-01
7.299814850360015761e-01
-2.416235310125023350e-01
-3.350377826249612001e-01
-3.292679377616620773e-01
-8.883583633011911118e-01
-1.088521589439030990e-01
9.560682181347761599e-01
4.519213660026912827e-01
-5.150302333315126546e-01
1.441843084764093952e-01
5.804819664423215286e-01
6.481565417439820731e-01
-9.763737165079685587e-01
-3.727291481600347733e-01
-4.365014794856654223e-01
1.616275960361990283e-01
6.503770859083566336e-01
2.399165551901092375e-01
-7.142974520336811128e-01
-8.318519204491847674e-02
7.441475615681905076e-01
6.154457096769356816e-01
4.318831949827330874e-01
1.239212332908949943e-01
9.065679813336036119e-02
5.794243446042359746e-01
-9.206261824328074717e-01
-7.569264525121177645e-01
-8.447261303639990171e-01
-8.641105111843612185e-01
9.370804018414375935e-01
-3.304477988159464363e-01
-7.340530578862283217e-01
4.461515462184511005e-01
-3.404046445668542642e-01
-1.791703020544166414e-01
4.878179058020444270e-01
6.684655703651798397e-01
-3.673607501341424886e-01
-9.290072229234821455e-01
3.740630643869566896e-01
4.023940772599441384e-01
9.104774529687791329e-01
8.195901048564468994e-02
2.920519442127798015e-01
4.784193546875279424e-01
3.102024485732686188e-01
1.826002249594769200e-01
-5.817496561381495512e-01
-6.259616115272512715e-01
-1.016205732301602715e-01
3.555843246784164413e-01
3.741421785038081538e-01
