-4.767441642545127145e-01
-7.064948744522057122e-01
6.806905066569761686e-01
-7.324784858237642915e-02
-9.024248030639703266e-02
-2.725076534105812520e-01
4.235742499734671540e-01
-5.879964938523192242e-01
5.955635394616098921e-01
5.793126661258305443e-01
8.650845762191534671e-01
6.540887938933672707e-01
1.702371225556653656e-01
-3.249128324324489503e-01
-8.880092460349768846e-01
-4.790696746229223812e-01
-8.029495673488407093e-01
-5.978757167248691662e-01
-3.036018389101391435e-03
-1.201466093934573376e-01
5.684657256570035955e-01
-5.516389222688693472e-01
-1.807880553639338306e-01
4.558664184711251899e-01
-6.856279832567566679e-01
9.931305020868099742e-01
9.251969156340495992e-01
3.196327109169629921e-01
-6.209022056147335267e-01
7.653568611711318859e-01
6.105914165808412619e-03
2.229637422401573588e-01
7.789586883061148104e-01
9.717569094518452300e-01
-8.676650717766072329e-01
-1.258073050866376774e-01
-6.333276973097345941e-01
7.795372255877242029e-01
6.522628305591646747e-01
-5.490238350683316337e-01
-6.779142190875574459e-01
-9.612659606209712493e-01
1.387216826084567423e-01
1.091929196196286256e-01
2.436214775922778131e-01
-4.899365097626928733e-01
7.134343822951916270e-01
5.895313257087502201e-01
-4.565084444888125592e-01
2.766130753403239773e-02
-2.417450342254877926e-01
-4.975014156279287114e-01
-4.708881618204887598e-01
-8.550016013265375747e-01
6.907758315582444020e-01
-6.870025383100644145e-01
4.339012795219292506e-01
1.735031125419697617e-01
-2.561756193191540021e-01
-7.110622974021822973e-01
-3.184654413974674636e-01
-8.494705111956044608e-01
-1.065374125569504837e-01
-1.384201090706966841e-01
-4.239314739370203533e-01
-2.555248740159805632e-01
-7.982249507470440264e-02
1.000000000000000000e+00
-6.665093850340986226e-01
5.404613212428912572e-01
-2.069223963986637216e-01
4.162756687752648954e-01
5.857249529634751539e-01
9.668983565958177984e-02
-5.515675694628183745e-01
-1.980756525687963343e-01
-5.032643390376343451e-01
-7.980393090247648313e-01
8.218450208026444326e-01
1.787721787659191097e-01
8.204020217442056229e-01
8.138932649543932918e-01
4.029162504363159591e-01
8.995271927807417800e-01
8.458230441508840514e-01
-9.532462358462556740e-01
-1.059921943957202739e-01
-7.281891146689996319e-02
-4.171781299605787363e-01
-1.384283739347336173e-02
8.737927381926708925e-01
7.716610128037790783e-01
-6.647065892557684208e-01
4.321777363268082262e-01
-3.463922975139144267e-01
4.705480321965236912e-01
4.470776100219437943e-01
7.909163137152219747e-01
-3.789511871847542346e-01
9.747966916495405254e-01
-6.239732697983579879e-01
5.700275333697968350e-01
1.000000000000000000e+00
-7.778643150650230709e-01
8.550732568738961259e-01
-6.727128707373459804e-01
1.000000000000000000e+00
-6.079695212099913704e-01
-4.298098572184679833e-01
-3.013868076673620333e-01
8.338302032671202069e-01
2.536272571328583858e-01
1.607380300065228695e-01
1.353090501138669577e-01
-3.196586415344015997e-01
7.107676614579006014e-03
8.223665102299819729e-01
1.310633555647413573e-01
4.997121965877850958e-01
-2.849236616292046831e-01
-7.878245414586395601e-01
1.485853360739162188e-01
-6.825082265316990693e-01
-9.165682298437127784e-02
-5.586721557821279216e-01
-9.924340408090119858e-01
-9.726498466841997370e-01
-3.728847997882998033e-01
-1.720513568654884543e-02
1.821858107462421827e-01
-8.839318153393425082e-01
4.879521526476076065e-01
-3.506860668569400374e-01
-7.327836425639604467e-01
-7.320940668358537629e-01
-8.995804905377009497e-01
-3.244782604483589239e-01
-9.299935453339867042e-01
-5.471364349754557210e-01
9.007876837339463538e-01
4.812335296552627817e-01
1.687838328271984434e-01
-4.004534733805744651e-01
-4.226262029831699962e-01
1.200918264965056270e-01
9.882585383202606710e-01
6.100790725779090540e-01
-5.226713871263082289e-01
-4.858827075996277056e-01
-7.528253344661353097e-01
1.812899908397247462e-01
3.391038492772395774e-01
-3.577389609908421253e-01
-5.201789509747836160e-01
-4.769322941762044188e-01
-1.188151695174650690e-01
-5.999629091799250080e-01
1.352680387184452826e-01
-3.072593114412431881e-01
-1.763651770432030086e-02
3.990258983638028667e-01
-3.447158879251892571e-01
-5.409489042533117686e-01
4.164202891230683878e-01
2.259514604842047802e-01
-1.732640901054731675e-01
-6.706214702718180654e-01
-2.439383917838879590e-01
3.778510746229966077e-01
1.164431939395926818e-02
-5.332255086355346396e-01
7.796234481960979679e-01
-5.089522643916186695e-01
5.536934816080822941e-01
-3.410237854192301743e-01
-7.034874455249950920e-01
-3.166928722906652283e-01
-5.715468673081147699e-02
3.644750751178367221e-01
2.939712227658130561e-01
-6.628793887505732840e-01
5.735291396905667360e-01
5.547762179352491163e-01
4.911071103693145368e-01
7.737234324777193528e-01
-6.081820990055584186e-01
-8.610877425572001087e-01
2.356490250288627575e-01
6.424702546104401613e-01
9.748789026657942447e-01
1.393660469450543893e-01
-4.244663321087949193e-01
-1.519362863118229878e-01
-4.486032549186156348e-01
-4.132466282363280730e-01
5.986550192912276636e-01
5.797860945416033474e-01
-4.736239049396520073e-01
-3.819903607050039174e-01
-4.974589016963320010e-01
1.498923022334339716e-01
-6.557305108209001698e-01
4.841124584334770553e-01
3.198760841682048994e-01
3.801267306080315933e-01
9.271455700292512425e-01
-8.783599326899429460e-01
-7.945439426522951099e-01
1.255608034175792476e-02
-8.054752805234826063e-01
-1.779350329986824075e-01
-5.312328590981743037e-01
4.772542561124324401e-01
5.036089219454988886e-01
1.005051932473697285e-01
4.919283392759890017e-01
4.050974000935048114e-01
-2.459917566313742920e-01
9.664367916086531451e-01
2.987356370234415248e-01
-7.019829781002966396e-01
8.587121788775671227e-01
-2.203557712698427373e-01
-9.524503036252160992e-01
9.754891403116090487e-01
-5.825044088990762869e-01
7.359002486617716166e-02
-2.050027923096091609e-01
7.393945731992472847e-01
2.376215112235864346e-01
-8.415980563532279302e-01
-6.701803104247372467e-02
5.263449498735153220e-01
1.840869132624978199e-02
5.292331310794855526e-01
-3.158172734716822028e-01
-4.475432779731656208e-01
-5.191998494816429943e-01
3.116472221815047572e-01
4.573448778075093202e-01
-3.585438779365128781e-01
6.777138232491901615e-01
8.820472512780839214e-01
-4.706401529079335955e-01
-3.440560807219190664e-01
-7.234249717152363424e-01
-9.619870384816453512e-01
7.620910399903892962e-01
5.371989867311546263e-01
7.385197230858548956e-01
4.465132360320083205e-01
3.257206025807088956e-01
3.703087849715358537e-01
2.596358484018201906e-01
9.839200367464417951e-01
-1.000000000000000000e+00
-9.850766896159979247e-01
5.054067161337447711e-01
9.873963075893401609e-01
-3.914195174574393032e-01
2.400095735301843725e-02
3.855852041362621829e-01
7.399969382827389364e-01
1.009713410255952404e-01
-8.651750153353521267e-01
