-5.147590634215213345e-01
-7.574830427469931848e-01
-1.000000000000000000e+00
-2.582082965612344516e-01
7.216950325963853441e-01
-6.292776842341705201e-01
-4.412937964993853823e-01
-7.763595414534008032e-01
-5.614310658300050161e-01
3.310158483245555505e-01
1.791758704807009384e-01
-9.755767341900276612e-01
4.223559117304775956e-01
-1.823404502668652394e-01
-9.454629715404343493e-01
-1.670437281213970060e-01
3.757775500767501775e-01
2.574496660175114027e-01
-6.297106273767103524e-01
-9.302698157527777845e-01
6.220121605512858309e-01
-1.000000000000000000e+00
1.543434651542461289e-01
8.057787517998118432e-01
-7.690596944148588854e-01
6.057521474656033522e-01
-3.307723264959949727e-01
-4.728135411145945599e-01
9.378648485873879448e-01
-1.912033035374554046e-01
3.248023025977159889e-02
-1.803300144341837274e-01
-4.012273498470662059e-01
-1.148726485941886644e-02
9.317265078016030433e-01
3.959466557296691391e-01
8.077023023696325854e-01
7.076455135890509229e-01
-2.221709630500861010e-01
-9.559586746668824464e-01
8.113174202476187702e-01
-8.394115414353189308e-01
-9.070396265453029017e-02
-9.114220797629759563e-01
4.954531641532522457e-01
4.885585291817811093e-01
8.624975688724694223e-01
-3.636682788385452447e-01
-1.177507418537551143e-01
8.117615941883247199e-01
-2.900574359560719184e-01
7.266389312995553684e-01
7.795699117804226752e-01
2.387666728283621698e-01
-9.318215149491413385e-01
-3.086129753860822333e-01
8.468254560987933388e-01
4.786066082711613046e-01
-9.345103183909939659e-01
3.589023768448105223e-01
3.008892705335619588e-01
4.434130098844322188e-01
9.788509527153661516e-01
-5.834878954349838054e-01
6.382129886452372336e-01
7.181869377663331333e-01
-7.884802590868102978e-01
7.480047096542430385e-01
9.579232147138867504e-01
-1.541462964833779647e-01
-4.023930142666833909e-01
5.096501195295293218e-01
6.983629206385851829e-01
8.751235761608666675e-01
3.752328450370638335e-01
5.078877017804299676e-01
-3.058135119683182968e-01
9.728425250403740510e-01
-1.944788802803318895e-01
-1.927779541666676533e-01
2.818425464265221780e-01
1.712987360906459422e-01
-5.943026670395314959e-01
7.721402835298083467e-01
-1.244253805674355728e-01
6.640700676374089451e-01
7.525243659522780071e-01
3.617068563979812246e-01
-7.985055803748424275e-01
2.762236632406775971e-01
7.420417895081715676e-01
1.306736887147708082e-01
-4.729139270166993203e-01
3.305192728874857266e-01
-3.111694027072511304e-01
2.055620838290228569e-02
-2.419128192907784580e-01
-7.776589498974457726e-01
-4.627886868013392219e-01
-2.379507572591941233e-01
6.707719206132349843e-01
9.955744991364534613e-01
1.000000000000000000e+00
-4.924223884277418861e-01
3.861414424793747635e-01
1.317460133780730125e-01
1.042079198238889948e-01
-3.818276372478681679e-01
-8.135722654603922965e-01
-4.644458256527039808e-02
-2.121289059109278119e-01
-3.019619824093657812e-01
1.458342292550258712e-01
6.774135964877816551e-01
-4.570154115569020625e-01
8.054139669529647438e-01
7.958359773698513440e-01
-1.681094449920113032e-01
2.608117361002286749e-01
-7.465301527497025802e-03
-9.117791711153160339e-01
6.486738521654866751e-01
-5.420613043918535157e-01
-2.588122080043989692e-01
3.291128785336474571e-01
-4.610314483734412327e-01
9.646976394120208020e-01
1.655522170166845441e-02
2.447400103012305206e-02
-6.051884516911549827e-01
9.849420697313817641e-01
8.910505235991632578e-01
4.401223490165051544e-02
-9.860462118537138831e-01
-9.317656249364048016e-02
1.764176265532682031e-01
-6.173802872342184500e-01
-8.715202720748880250e-01
2.878370063132600354e-01
-6.208022278154474716e-01
-7.099666994712050538e-01
7.330126889816421798e-01
4.054528268175146000e-01
6.682031619715589343e-03
-9.537913415530758776e-01
6.351851867436324461e-01
-7.269824307334002977e-01
-8.925460671041416383e-01
5.223324745075141884e-01
5.463269370616423704e-01
-1.492904267323120759e-01
-8.384307442978978786e-01
7.521252450467637019e-01
-7.803966406807703038e-01
-4.088285682620194095e-01
-9.923440605073339249e-01
-7.171078122136813615e-01
5.028207883875580875e-02
3.629985578827676918e-01
-4.423320341403702560e-01
-4.371371490211883870e-01
4.352536436555763388e-01
1.988598607318632361e-01
-5.270255655425264418e-01
-7.899051092689481912e-01
7.147887331768933983e-01
-8.309127503841944318e-01
6.323404318627611209e-01
-4.584094587802488019e-01
-1.858531287446918423e-01
-9.488223963353696888e-01
6.645137314066271728e-01
2.819313224978594601e-01
4.336804098982206535e-01
3.360431298602912786e-01
4.038875196035074389e-02
-6.241784209305176745e-01
1.349431743493869629e-01
-3.391920384005027156e-01
3.586764425661255196e-01
-2.985581850010963212e-01
2.189796124886091988e-01
8.942470370168349447e-01
-3.732519771784044149e-01
2.740678979006423432e-01
4.308617361312447880e-01
-2.519337880193928125e-01
7.261603524239397256e-01
1.647190470411041829e-01
-3.927830625023704947e-01
-6.575772125066504659e-01
2.834947774330338621e-01
7.673410792906785183e-01
9.554928730898428757e-01
7.656192629501430424e-01
4.396714811217232732e-01
-3.656798363400621810e-01
2.579919775122185843e-01
8.364008049024953539e-01
-6.321555593910876958e-02
8.400030754332155070e-01
9.829278661739395684e-01
9.067330260444956824e-01
6.705403558801152908e-01
-5.011595661024867976e-01
2.755456621425813601e-01
9.611042276690491271e-01
2.674939218516375616e-01
-4.504059018796938152e-01
9.224667001687920642e-01
5.137721755254127665e-01
-8.632610886064880917e-01
6.994068996861644294e-01
9.557833614907333963e-01
-8.744963603847937250e-01
7.733254474544128954e-01
-5.217263639084652738e-01
-2.992816694243136677e-01
-7.130586800794058711e-02
-5.247753898367102376e-01
-8.116107641459346933e-01
-3.984286869087541039e-01
-1.374212564591883456e-01
3.379916085553185123e-01
8.048444742645712857e-01
-5.046449389101145266e-01
-8.743002272887556714e-01
2.906131736587136416e-01
2.617775251154601523e-01
-1.498942404407046514e-01
-6.346445410096204220e-01
4.252183771673905266e-01
1.446116325602531160e-03
2.736740297377382447e-02
2.025972849943471488e-01
-7.841462016887288389e-01
-6.245666949849895122e-01
1.321939955472952732e-01
5.188143943639644817e-01
3.326862775976376918e-01
-6.044727454813001444e-01
-8.534904260757960603e-01
-1.519568389034018363e-01
3.557764706168018431e-01
5.069499910630752559e-01
-1.188338200364071895e-01
-7.437629334002602288e-01
6.823872863155957535e-01
5.092188371777313094e-01
2.061339020854507098e-01
-8.647193725754598326e-01
2.566937159449702577e-01
5.405122263378170366e-02
-7.024533495336071631e-01
-3.149087132595365657e-01
-2.374763540441615639e-02
-6.298017023279374182e-01
4.257534570241818805e-01
5.059954847386283205e-02
-9.042358166867190405e-01
-4.361849690664150181e-01
-4.489419233398537212e-01
-3.013173259290560235e-01
6.276019218061157368e-01
-4.721242346375527088e-01
