3.089617013844152549e-01
9.784372682773840868e-01
-5.566781453013267544e-01
4.964707789202096322e-01
1.428687700053188347e-01
-2.664692780598587607e-01
6.135540124450415966e-01
7.913999295002187573e-01
-9.241404151475680617e-01
-1.426397485368620099e-01
-8.349981961999599633e-01
-7.128063027782087779e-01
8.047590602850562824e-02
-5.354962099349696025e-01
8.036842289376429083e-01
-5.330470934989011145e-01
-3.381489169595879307e-01
-4.638950711821181461e-01
7.224700601212004081e-01
-7.174883348480636247e-01
7.524527743492803733e-01
2.260150844965840289e-01
5.589708404154258847e-01
-6.629090108897774947e-01
-9.837591078648789678e-01
8.521661079071718436e-01
-1.350247529085601972e-01
-8.201085706321862290e-01
-5.656976420805488459e-01
-5.471165738010903556e-01
-1.484712514928119287e-01
-4.785477825006052566e-01
8.094202233986733663e-01
2.097959855011941599e-01
-5.402352297082948507e-01
1.654544189965856393e-01
2.491653871954091493e-01
-6.308862715639511620e-01
4.240879228134035728e-01
-1.000000000000000000e+00
6.017043769633407813e-01
-7.251160240409304514e-01
-4.354790366783383160e-01
-3.105194873371734943e-01
8.194348102469928286e-02
5.592915835711752964e-02
-5.986665374928459293e-01
-1.778267508352019965e-01
7.145093099020325411e-01
-5.673734417948113062e-01
-2.863004102294426367e-01
-2.844553610733580040e-01
-1.121862420139139171e-01
8.486641248354809264e-01
-3.242563034359817742e-01
-6.703006604081237496e-01
3.334768508939500720e-02
7.916266790812875875e-01
5.245567863620899107e-01
-7.971047215559274868e-01
8.047350533361588010e-01
6.702877394216832929e-01
-1.735732400548001819e-01
9.677506936901711931e-01
-7.135223380703719087e-01
4.417013083584784283e-01
-2.562883348524604976e-01
-8.649138682070296458e-01
4.211740684905647125e-01
-6.073191729353673018e-01
3.443992374541902102e-01
-8.790021225976005770e-01
3.348037669756287471e-01
8.507292276321248847e-01
4.966794617964644942e-01
7.403986397752067017e-01
-9.241140920660062541e-01
3.322416611305250012e-01
-5.571721585741169491e-01
-1.219539635086441809e-01
2.447364323237921635e-01
1.228291160466570275e-01
-7.043013102975719253e-01
-1.094715874713116932e-01
7.085676664542317482e-01
3.003235466777840479e-01
-8.558709102180930284e-01
5.940640186071670659e-01
-5.821955945349690520e-01
-3.389047721522571166e-01
8.877789479023032726e-01
3.780724849108128005e-01
8.019462130113474974e-01
-7.086925015496838842e-01
5.784091697608180205e-01
2.758611045223893221e-01
3.496968070941353091e-02
-9.505370656264113816e-01
-8.977055306612482521e-01
8.422765419186983848e-01
1.404849482404604277e-01
2.664494829976464252e-01
-3.551759403150396288e-01
7.926319639163872388e-01
6.641704080498271878e-01
9.331648340446869749e-01
6.901452649478394541e-01
-3.506382002653334329e-01
2.237035341085966689e-01
-3.387390549088364899e-02
-5.258888343516030517e-01
-9.125981276848680324e-01
-7.268786734753278633e-01
-1.131394030423822361e-01
-9.941649306934077224e-01
6.484799222996548984e-01
-8.111411540975863588e-01
-6.676834073501005662e-01
-7.368387742717485978e-02
-3.118962449738686971e-01
-9.597392814267846628e-01
-3.581374925468219228e-01
4.029135502517222633e-02
-1.129727565824554664e-01
-3.688185856489027969e-01
3.808461676739651747e-01
1.502535513206451068e-01
1.669770583300809186e-01
4.722441302216380254e-01
-6.878398497909663512e-01
-2.757197875016936806e-02
2.804703553068557120e-01
-3.802131505694719138e-01
4.191601847088144428e-01
5.573072442065540866e-01
9.033593179334435952e-01
-1.465667111229302932e-01
2.625803168042821767e-01
9.320063356291157231e-01
7.182380943443658072e-01
-7.306983902751655879e-01
-5.132539161805869110e-01
-5.622248911075806710e-01
7.150312463280745767e-01
7.940961662210392902e-01
-4.637675780253174285e-01
-9.990294117993789857e-01
-4.814712097788911294e-01
-3.510921300762774866e-01
7.915652331728677549e-01
-5.380031873713759794e-01
-6.896932378339684089e-01
4.583277081163704136e-01
8.263868496185744483e-02
4.034938117214759146e-02
4.477474834046177854e-01
-3.571670830707021072e-01
2.627856366122429677e-01
3.257216427989566565e-01
9.196956362177830524e-01
6.304688167552108258e-01
5.074847770947956693e-01
-8.624685589293382693e-01
9.813087499868382579e-01
8.603619817299874573e-01
-6.917588329238431033e-01
8.222095885589288944e-01
-8.351604374770997818e-01
8.912268361991726451e-01
6.376730722617036662e-01
4.588784070323947972e-01
3.310481448498374668e-01
8.338257181962618336e-01
-6.586019901091679785e-01
-3.159114202855335396e-01
3.164717688964291398e-01
1.276581626006272341e-01
8.407112755080414779e-02
7.550191023221664022e-01
-6.855885671112447177e-01
2.454315289015051027e-01
-3.704617683335738043e-01
-7.469652316922057445e-01
-3.649909056652329564e-01
6.054746991772912423e-01
-3.723409956835850299e-01
-8.070781220173990356e-01
6.398676727098981942e-01
4.106902739766600252e-01
-2.544273736578457346e-01
8.484957577760640079e-01
-7.536697051742489162e-01
-1.642560570448867718e-01
2.608945092962946521e-01
-2.843701506823603786e-01
9.198182471978531005e-01
4.509155227165846380e-01
-2.086244923611924040e-01
-8.550528781717199323e-01
-2.899669868451892549e-02
2.616627322764113472e-01
-7.655624270284611121e-01
-5.999639767053757122e-01
-5.911425337253326528e-01
-5.545147351874077923e-01
-9.560050431185245223e-01
-1.586450635496950978e-01
1.108207889835117754e-01
-2.452312870930482003e-01
9.674162437421864880e-01
-7.682661966783426166e-01
-5.386527204391429180e-01
4.721686905275976898e-01
5.716470934123836223e-01
-3.104477717315283769e-01
-4.003425501260919894e-01
-8.299209633614783588e-01
5.594108039623655326e-01
6.362538898281964173e-01
3.621574288060858127e-01
-1.869956246816936174e-01
5.074575895068462739e-01
1.825927571540839622e-01
-1.273649710929936063e-01
6.229409440237343443e-01
5.617739614211534338e-01
-8.699573464064083161e-01
2.664774189732763698e-01
2.224694323480777003e-01
-8.089745375884971335e-01
-6.197926194249232523e-01
-4.732249022183807607e-01
2.828327552486071816e-01
6.590166797203023119e-01
4.964931053749155332e-01
-3.570364782018127237e-01
-4.458739401497657101e-02
1.000000000000000000e+00
-9.445967884972206186e-02
8.283354544661838403e-01
8.099578529053124143e-01
-4.319825509717885037e-01
9.190971143150550304e-01
8.353021584776961772e-01
-9.486656137614968287e-01
-3.849717938258099270e-01
4.470528240752230098e-01
-4.261717749138891898e-01
-4.736325307012356767e-01
1.972306385240687465e-01
4.305157392017948670e-01
-8.189993081859314739e-01
2.619268466781807803e-01
3.460253606082164257e-01
9.180798922423587527e-01
-9.457246838339141703e-01
-1.119872517300199988e-01
-3.728909291331954368e-01
6.888499099113576385e-01
-4.818707929340648732e-01
-4.788469662807375293e-01
-9.974319937595512719e-01
1.370773896237409417e-03
6.254975690417616807e-01
8.347183555510495623e-01
