-2.015573641025361074e-01
-1.899379310629329964e-01
-4.215827207938960819e-01
1.964684337629993838e-01
8.951764763621283816e-01
-5.859292227916199636e-01
9.840866931264216078e-01
-4.101989419761650213e-01
8.502934141025246806e-01
-7.688346103535692588e-01
-6.293222076656295183e-01
5.320150545807724729e-01
-9.801535655074835596e-01
-9.261818311210636701e-01
6.576517934585304204e-01
7.563408099482040736e-01
-5.861317294246408682e-01
-8.661444115641177000e-01
3.943623662328290536e-01
-1.336504693794144938e-01
8.665140674455085179e-01
1.107886444525889580e-01
2.837220325423277512e-01
5.146669318464947018e-01
8.707373427697910895e-01
4.507582034010988448e-01
6.393118462788405232e-02
-3.371311570987913786e-01
7.448275888618856033e-01
9.584131566052742635e-01
-9.391684857147151178e-01
6.830045932548112209e-01
-5.035734688419757354e-02
-1.079247075752036711e-01
1.004193779232420702e-02
-7.216723689200648106e-01
-4.787959357161277185e-01
9.567079743173636519e-01
-4.873840263584852117e-01
-2.568442422798948854e-01
6.748500825965190186e-01
-9.340590722194697104e-01
9.880865360755644033e-01
6.221003713184658501e-01
2.118096213420820051e-01
5.444561431469723267e-01
-8.771294642722591295e-01
-8.884663805271779680e-01
-9.128144182441086940e-01
4.224889561559506124e-01
7.475006362727412146e-01
-3.496961441679296012e-01
-6.254143895442063616e-01
-8.778955484928234743e-01
2.176284028438001672e-01
-5.332622598791857405e-01
-1.588965907728172589e-01
-8.815104694499358295e-01
6.463152599770438655e-02
-6.972034286234105593e-01
-6.233660819504138750e-02
-4.961503792081307651e-01
-5.129718879884066496e-01
5.677815014677436434e-01
1.633930167760477836e-01
-5.947974601990719812e-01
-9.192426264382518308e-01
-5.560319480776954038e-03
-7.919329126562633103e-01
1.931503758078252364e-01
5.925705182868892251e-01
7.314526592175427666e-01
-9.480316495356253537e-01
9.605675230196073500e-01
9.110525707460166434e-01
1.000000000000000000e+00
4.745087657035047535e-01
9.704587892890026435e-01
5.974424855001567725e-01
-6.918793381369261475e-01
-2.291657775768933814e-01
8.059125830057369821e-01
7.147502313159868059e-01
2.898832019969739271e-01
-2.805359141010661528e-01
9.917374240191743073e-01
1.000000000000000000e+00
-3.068773000006439489e-01
4.761698329556804943e-01
-8.145751907458989027e-01
8.869321268620335985e-01
6.633247403388145003e-01
3.412143907604463511e-01
4.704208720361127138e-01
-3.222987987574876811e-02
-2.374589091435124200e-01
2.563513498687444159e-01
5.563334863737963154e-01
-1.604712870840934169e-01
-7.660270683120991020e-01
-8.142876761942456909e-01
-8.024824276063851070e-01
2.275340508503762293e-01
-8.396155367791737767e-01
-1.381618756176594687e-01
7.217936893510685792e-01
-4.339313954442873822e-01
5.375930127784851464e-01
9.274029393716090031e-01
-5.796219071884385343e-01
-8.583080574907251403e-01
-5.930504578705184660e-01
-3.884814662215037018e-01
-3.478930070378873918e-01
-7.434669429873621560e-01
9.403267109123814027e-01
1.405501594582951874e-01
4.415750218820830852e-01
-6.548210632961597444e-01
-1.766203163959021438e-01
-5.766331166079807780e-02
-6.683074625044498340e-01
-1.756564180011019882e-01
-6.374259899601664170e-01
8.624600106146729228e-01
-6.324049879544557662e-02
5.417192118034164228e-01
8.018840776746507526e-01
3.707773555871678450e-01
-4.338577931624350015e-01
-7.376684262177330975e-01
3.940072726468515363e-01
7.282471892675004277e-01
7.224144029743104767e-01
6.581683383205738647e-01
9.259572084777674128e-01
-6.370556078353630802e-01
2.181970274199809268e-01
-9.489966784141131706e-01
-4.125398080871640616e-01
9.665475240748082619e-01
-2.283773202929666457e-01
-6.905436824916819649e-01
-5.409654872328342190e-01
-2.032077885163652287e-01
8.735383969525598591e-01
-7.282232196831164295e-01
-6.945257986118515969e-01
1.801136781498520190e-01
-8.478241615705739420e-02
4.986903707407630559e-01
9.492654432347735760e-01
7.468716613927912640e-01
1.542245962427635231e-01
7.272308521759864863e-01
9.871980313150512387e-01
-5.979532942749308244e-01
-3.894259872035283898e-01
-8.583455909866555267e-01
-1.242006183355195414e-01
-1.796445604983307742e-01
-4.287335237417582157e-01
8.082697503779394665e-01
4.892417725524251804e-01
8.765171078553473105e-01
-3.999489725617531022e-01
4.834620061570447103e-01
9.408947592309329089e-01
4.433682449394801828e-01
2.523893936291730089e-01
4.960843451347483057e-01
9.410807546513049182e-01
7.263080457590858074e-01
-6.186704408484233753e-03
4.102350552233777758e-01
5.980094250674805600e-01
2.520905375408830640e-01
-5.212362678930908544e-01
7.134770947578121802e-01
-9.778697898104462549e-01
-2.142725980791639895e-01
6.669410821917056698e-01
-7.932739423387347166e-01
5.644733021600782941e-01
-9.875080263181796880e-01
7.337981857368138794e-01
-1.103522134135854760e-01
-7.330295545298928239e-01
-7.060964887209741914e-01
6.789796266608205677e-02
-5.370836544883703656e-01
7.470922074893704412e-02
5.770910997745870574e-02
2.494380997815182077e-01
7.598256847844071515e-01
7.489012538052948198e-01
7.422031414235452651e-01
1.523849443799738523e-01
-1.879437945128548115e-02
-5.258071453913885085e-01
-9.173450139104932788e-01
-1.350118931134887124e-01
-3.270520986142768649e-01
7.049661610797286482e-01
-5.327499629951841786e-01
4.056142493299090823e-01
6.534425371633316715e-01
1.772117566423675461e-01
3.805682697514809476e-01
6.545597560777314250e-01
9.178988505454845903e-01
8.612366210226105601e-01
2.718944846382840286e-01
7.662298759370247403e-01
5.340132786953695199e-01
-5.904322461263332711e-01
9.376845545030525475e-01
4.859844998628999324e-01
3.055406056181149133e-01
8.429832644550565579e-01
-2.097505757555093719e-01
9.048755822115881475e-01
-9.886152903746689979e-01
1.482069067155995512e-01
3.408344640908360645e-01
7.439751273927841524e-02
-8.097720703984512269e-03
-3.768123466749209172e-01
1.000000000000000000e+00
-2.783228658839178582e-01
6.192488550950070447e-02
-5.331125981005269132e-01
-9.663974899733027701e-01
6.877865051834830545e-01
3.793247192053315064e-01
-6.410570859654320941e-01
-8.475974390439926509e-01
9.568916429491329811e-01
6.981348439091124014e-01
4.011107553410380167e-01
1.492931490476241407e-01
-7.491559333027140166e-01
6.452598703593278584e-01
-4.202761619941788318e-01
6.321120037845562312e-01
-6.694990801015141546e-01
-8.461480494503466065e-01
-3.010290155192814066e-01
5.918373570627488700e-01
-3.291643562508750342e-02
-8.427930024355494432e-01
-3.969981557245161330e-01
1.587429660601602510e-01
8.462132953786021261e-01
4.159245603607459874e-01
-1.989624187424283708e-01
-4.467302460458837388e-01
-1.207591430583785375e-01
1.577636634323087428e-01
-8.602716812209942887e-02
-9.259695863483157208e-01
9.787132549960115835e-01
-9.580172251783545256e-01
1.138501043260975454e-01
-5.100474333293503193e-02
