-7.735116812121781704e-01
9.295367145184161295e-01
1.224670350534435848e-01
-1.317220060301340645e-01
-5.199305705563861402e-02
2.368757916289208065e-01
-8.012838154453534312e-01
1.546240516276400356e-01
-3.802120767751919761e-01
-9.587625410744811116e-01
-1.450035534573266283e-01
-2.824960080276737173e-01
-2.705462636236590640e-02
-4.740021132672047055e-01
-5.261693895509107488e-01
5.274371446981398481e-01
1.907035076998817857e-01
6.845574911961456177e-01
6.445966166180363555e-01
4.132513369165957684e-01
-4.709603689050334552e-01
-2.120326295196006683e-02
5.137772898124397525e-01
-4.020100694396658847e-01
-5.305403777042785318e-01
-1.466940911937249792e-01
-4.494433649155294974e-01
6.375718396046194947e-01
3.808265277417945960e-01
9.307851007570554502e-01
2.845877976581130397e-01
-6.292726582378209699e-01
2.034336032608847766e-01
-9.249537199414463728e-01
4.717382829043212933e-01
-8.194279641122426128e-01
5.920978189336258968e-01
-2.427541817835539018e-01
-6.400023315934835200e-01
-4.856110123244554710e-01
6.831308381669786156e-01
9.430477012941484993e-02
-7.484220251150350833e-01
-2.386536016718040706e-02
2.688536284308724600e-01
-7.890056065391555240e-01
-9.824915463020127415e-01
4.376021651142598667e-01
1.333190571779576117e-01
5.343113375514223495e-01
-4.570205578062378482e-01
2.700494509090753947e-01
6.955278926247652205e-01
-3.588428128432795683e-01
4.820718420895293566e-01
-7.005571186060759459e-01
-4.851154476683112726e-01
5.711613963955489703e-01
-8.850217204556953821e-01
2.217946847539937760e-01
8.606155637671812908e-01
-7.207806961043197180e-01
1.626362068087252588e-01
-9.441865863313181340e-01
-5.634147065337047344e-01
-7.683887318547319989e-01
9.293749715674957113e-01
-6.064731225226863698e-01
-4.519107365006362342e-01
-5.782222055066985611e-01
-1.792735788263316588e-01
-4.039727098901855218e-01
-3.566522537351828337e-01
-6.688491629289721185e-01
1.786450748107397679e-01
2.475787294470452871e-01
5.032188855977985931e-01
-7.770279874836661937e-01
1.351529381863741663e-01
1.811049084192035696e-01
-4.100823280860496078e-01
-1.196552201321017250e-01
-3.663159478073523267e-01
-6.452611918654032053e-01
-5.333606841308615731e-01
8.241930960011265572e-01
2.761540213441369129e-01
-5.600756619386604296e-01
1.828218626269106084e-01
-9.653272425365106990e-01
-5.087482328382164631e-01
3.606356079350905297e-01
1.642314754935667587e-01
6.737741137771504629e-01
-5.627233443879002817e-01
3.602006374187534110e-01
-7.058538883489644533e-01
-8.165918304378785297e-01
9.125691013871199964e-01
-5.335122784578736344e-01
9.762202260972061563e-01
-6.628036092014362168e-01
-5.651379198449666408e-01
4.163579890338804379e-01
6.869227794585481828e-01
6.521647243147996598e-01
-3.171269275754100558e-01
-5.759408245990849107e-01
-6.268638705750207984e-01
6.644638783098599788e-02
-3.244002024086682923e-01
5.746569756380455196e-01
4.666276354471339260e-01
-8.589911795741589362e-01
1.815036414115939536e-02
-4.318760352424155791e-01
6.979767239949823399e-01
7.646960504901127997e-01
-2.702072358431845678e-01
3.004563606571448720e-01
-4.492159514304703283e-01
1.588685159629301680e-01
-1.434490199901699570e-01
2.770109610487454521e-01
6.873868144845614037e-01
-2.454388069717650112e-01
4.070724533058309724e-01
3.929131075774457416e-01
-3.540080463280476653e-01
3.987641265005110736e-01
-3.793326852308994135e-01
-1.198441035415758193e-01
4.348204695152561028e-01
-1.000000000000000000e+00
-8.658089980105421191e-01
4.049636423161551840e-02
6.146222603246989102e-01
-1.133589118151326625e-01
1.947094795990722549e-01
-1.761574127537954837e-01
-7.810326179903128718e-01
-6.549650111142113484e-01
5.647967086771619183e-01
-8.324542104266008380e-01
4.082285810939838555e-01
-7.600753398298287777e-01
-5.021238384437123337e-01
1.266976960312558020e-01
-3.805951222778878318e-01
6.112539783194089749e-01
3.733003458480226300e-01
6.300474783463962947e-01
3.167335956470982428e-01
-8.321072891095908641e-01
-5.192297326023360693e-01
-3.193069261708090245e-01
-1.994166683803180184e-01
3.598506264693046575e-02
-1.068738198880270218e-02
-6.588847206883581276e-01
2.930191267942761080e-02
-8.291867509256578561e-01
1.672319750241810787e-01
7.981242273118729358e-01
9.783308664309189329e-01
-2.819273722530075688e-01
5.472187629472352599e-01
7.056272918383221793e-01
9.533062817118018728e-01
3.252804575794780995e-01
-6.734336165930525642e-01
9.368315736010608408e-01
1.561360869254192485e-01
-6.603958762097579260e-01
-7.262080169872895397e-01
9.750988724854909862e-01
4.939633500395155252e-01
3.760538258653902677e-01
-8.007748431687233825e-01
-2.663955742771511037e-01
6.240951325015342555e-01
5.687570213123758212e-01
-3.832074154226656759e-01
-9.585387181027020809e-01
-3.293739659594900893e-01
8.476344943125857512e-01
6.611137437590668409e-01
6.077680066035917594e-01
-9.871952426060903729e-01
-4.051285176498622409e-01
-1.246192329149786726e-01
7.493567352565347894e-01
9.751229720729692740e-01
6.386291910731574095e-01
3.223501643579951281e-01
8.920253641041882009e-01
-1.130128203883722371e-01
1.518526155531101374e-01
6.450533471640018668e-01
-3.048276000864829083e-01
1.744480860680266421e-01
5.365540576566911746e-01
2.500043616162541671e-01
5.418276688891636717e-01
-2.340424011306336816e-01
5.463848542851004186e-01
8.424088181453548430e-01
4.446312290868008610e-01
2.261310310181585681e-01
-3.277375250983707300e-01
-8.490454513439953388e-01
-8.437467254722097465e-02
5.331521720846694734e-01
8.275704744139733560e-01
-2.718563821292312999e-01
-8.799054492006042061e-02
4.085769376986194551e-02
8.637075468799729205e-02
7.282762980604350345e-01
5.859590839434207776e-01
-7.799714140743739810e-01
-4.515306427601051831e-01
3.883499678208197636e-01
5.662913900800097267e-01
6.419797561491975557e-01
-6.678769905344235092e-01
-5.505423541779870256e-01
4.317509732993229932e-01
9.867458852321628893e-01
5.771863553152889459e-01
-8.880452584183047282e-01
1.209015771381360960e-01
-2.602480902689119358e-01
1.406165457611210368e-01
4.668289826238118945e-01
8.962907500173078468e-02
3.751389153964976853e-01
1.090805121723015247e-02
6.338777763499449380e-02
5.380591734396911185e-02
7.315022602281653352e-01
1.744552590740795495e-01
9.275382716820159690e-01
6.111468625424789636e-01
3.581647234451850181e-01
-5.407119155359252360e-01
-4.981252272701817141e-01
9.949193534564086949e-01
2.209498533830747125e-01
3.368252713642692076e-01
-6.950588122534320235e-01
-9.794214301075644391e-01
4.056931003812878078e-01
-7.087118878677538536e-01
4.244075990023592482e-01
2.965527849883937694e-01
-2.224690164660204639e-01
-3.928165719505856135e-01
8.480462905082422065e-01
5.391426033163632114e-01
-3.821897568633823572e-01
-8.885651466913635499e-01
8.096645178892134531e-01
9.131912303184677171e-01
8.722678865867161679e-01
