-8.774733666287097833e-01
5.108214974638789485e-01
-8.205037581353029630e-01
-8.803693275197619350e-01
-9.859088478393485122e-01
2.106170217757836749e-01
-1.560796473898540260e-01
4.303693853333729891e-01
1.698954841664317428e-01
3.800770955701227027e-01
3.707376582639676510e-01
5.755121831237179908e-01
5.275002150953289615e-01
2.800301979357442406e-01
-7.043770135962912349e-03
-8.935228766318823457e-01
-7.999900178031837950e-01
4.700273613514287518e-01
-7.058045157807508740e-01
-3.177353499867185960e-01
-9.554872396656428624e-01
7.787005533912028099e-01
2.047038621661103619e-01
9.558789317435620880e-01
4.063100675888504654e-01
8.070467088130899302e-01
1.499184050888782149e-01
-6.228184267089880155e-01
9.036773811320848449e-01
3.528738640587685271e-01
-6.237632349600685799e-01
3.197984340142521198e-01
7.183336239146154156e-02
6.880562099391707154e-01
-7.766664078965084261e-01
-8.262015663177317837e-01
-3.147871110477240553e-01
-8.926860483507048638e-01
1.787749504886135821e-01
2.616564779613428371e-01
-5.782496232682716730e-01
-6.843425515641567980e-01
7.253643150179436283e-01
-6.014719439190394645e-01
1.892246402657196125e-01
-6.704161351186368467e-01
-1.605288559757391820e-01
1.065727074874813773e-01
1.979589325676258671e-01
-8.122429671656614669e-01
2.767531902394286814e-01
4.553016579312967327e-01
-3.247663521965271638e-01
9.191642168737317320e-01
3.961254126518396479e-01
-6.611544357035323838e-01
1.134326415624458129e-01
-8.942133861909653536e-01
9.058524436959620729e-01
-9.130222694217164925e-01
-5.445403181136185822e-01
7.443153767285524136e-01
-3.308044562998047056e-03
5.304521417269496553e-01
-8.567854385760327318e-01
9.604245465819023497e-01
-6.488683021165253528e-01
7.714909866821337836e-01
-8.838683080483287213e-01
8.435435982938215282e-01
-1.830488941621644106e-01
6.497913426166372908e-01
6.015357141735269142e-01
8.745089009615858444e-01
2.582757223690805848e-01
-5.016612238521938050e-01
-1.668332613470568937e-02
3.744572497580200832e-02
-6.636451887861094523e-01
1.631188367770097791e-02
5.092144789722907738e-02
-3.992030982749783519e-01
3.870769072119479848e-01
6.344107804969922881e-01
9.071705571975174909e-01
6.152695974060489181e-01
7.454445198230224001e-01
-3.913430617418711677e-01
8.028254908569265602e-01
1.759497546050028394e-01
4.472707453400048827e-01
9.885280496435155939e-02
6.348500165989812150e-01
-4.538576599288179914e-01
-5.832661357119133250e-01
4.185186799271347624e-01
-8.020584121303753200e-01
9.735904091913638592e-01
-1.895052439138606992e-01
-7.666746508167778806e-01
-9.921755292151070993e-01
-3.535156784511854777e-01
3.873094211219243466e-01
-7.923984360763780543e-02
2.610704040013955840e-01
1.876883307729260153e-02
-2.803423255781716250e-01
-5.624571505213760148e-01
5.497111364076456841e-01
4.107692708122616665e-01
7.579116655137929648e-01
-6.299378423396293503e-01
8.208717161186758204e-01
1.221138104475709696e-01
-5.367637973673884400e-01
4.679352983117930354e-01
-2.837169942265882483e-02
-5.441493054708179677e-01
1.569487839353067571e-01
-7.560946991998103162e-01
8.537480015070153527e-02
-4.292947851746204968e-01
1.734970089936329618e-01
7.752496777929149818e-01
4.802497756414088048e-01
-2.202553381379679376e-01
-8.250164561076089864e-01
2.089225476823595162e-01
3.090249111286160755e-01
-9.759083131410233314e-01
3.088887694778748028e-01
3.125605033134672972e-01
-5.208447284816175582e-01
8.366871964355924174e-01
-5.566328760608256765e-01
4.913770657814964249e-01
8.790965737561098337e-01
-5.261445095819878848e-01
6.181820032293849909e-01
9.157915963138927307e-01
3.822757632813291728e-01
2.218975675186281027e-01
-8.229228177143266265e-01
-8.532368650928190412e-01
8.496374223001481596e-01
4.549299655073779647e-01
8.179176984917790882e-01
1.824576567837974395e-01
-1.660455157375404500e-01
9.400766595085983113e-01
-2.742522215817397857e-01
4.486495270250683287e-01
9.051318076988703609e-01
7.711195050831529674e-01
-1.499884428445033002e-01
-5.768121144067113182e-01
8.299517540358529732e-01
-3.383821099080608352e-01
-7.229611064581493718e-01
-2.011750890018810800e-01
5.511455507330609294e-01
5.209292173304524987e-01
2.189653808103839694e-01
-1.867283040993437115e-01
6.087456260019430410e-01
-1.873229167903136538e-01
3.079000902523931771e-01
4.237399291127303957e-01
1.148566260626839863e-01
-7.110246866847362845e-01
-9.969566250667447616e-01
8.574819618169897684e-01
-7.489672045394912825e-01
-4.550403971370786671e-01
5.433937662574472860e-02
-6.642627744398155176e-01
-1.951392553074937641e-01
-6.294823395107465025e-01
8.546462312375757708e-01
-2.048820934537487481e-01
-6.214507877999153607e-03
7.504456316684031680e-01
2.234379283582677012e-01
-5.675995192908886988e-01
2.603774313457354328e-01
-7.588036436835858822e-01
-5.611567840653859385e-01
-4.011252914628826716e-02
-5.689920320420793765e-02
6.068102654871763146e-01
7.868373287041159347e-01
-8.035230204965679857e-01
1.210943391452152795e-01
3.973521625454219386e-01
3.509570219041571182e-01
5.561626821324163750e-01
2.897152814668881859e-01
7.886260784569099069e-01
4.993973785456227166e-01
4.071451525136478011e-01
4.280706868880512772e-02
2.957281182784443629e-02
9.937148160748430215e-01
-1.854122090279946011e-01
4.164725439386796069e-02
5.403363833233201241e-01
2.762508433190091761e-01
-7.375510469042700912e-02
2.264445017419853823e-01
-7.199768920422213725e-01
2.412635504510451945e-01
6.985006971141431986e-01
3.218585713780830471e-01
-1.519877126629318731e-01
-5.831878957657743445e-01
-6.258258670898910747e-01
-9.128995786614482189e-01
2.685756883941159412e-01
-3.568264099220099794e-01
-3.958247911716517020e-01
-9.635377941896619003e-01
-8.141055245766475323e-01
6.749819535858758712e-02
7.395812995946338120e-01
-4.539348153002402686e-01
-8.375840991065908181e-01
6.367382032784689727e-01
-1.514963643474767085e-01
7.018389439403387442e-01
5.069798023183906821e-01
5.312540229940327929e-01
8.104321878778786292e-01
-7.462283900273323223e-01
2.040890261363348390e-01
-8.990668837055031393e-01
6.650697860920509186e-01
1.406334780552815911e-01
5.141719605673356064e-02
-3.396778407084064533e-01
7.085902934640166961e-01
-2.624417847568663031e-01
5.195769440502679970e-01
6.904976399942006626e-01
5.195225235523146523e-01
1.602102956691666691e-01
-9.174727619495082198e-01
-8.378849841011430932e-01
-2.621309924749706255e-01
1.687081518388411361e-02
-8.429006997639176824e-01
6.233664332582440348e-01
1.452263222081915384e-01
-5.316629082858363997e-01
-5.811885838649859526e-01
-1.452622110822636703e-01
-8.509359383500167962e-01
5.243503514582674718e-01
-1.263134392228448810e-01
3.508746913680145241e-01
7.991385480524901830e-01
-5.748942548620423754e-01
-1.007882266689203998e-01
-3.537356080243037049e-01
-8.971636836421625905e-01
9.804392098806589129e-01
