4.160670223137170609e-01
-4.927147963633823555e-03
-7.282150318087310392e-01
-2.395777789765474175e-02
3.500452236110866977e-01
-3.787775279393008621e-01
-6.682191326000919140e-02
3.753978456879509817e-01
8.433058194230595994e-01
-3.915312366401533239e-01
8.704229600221631280e-01
-3.985368123680741448e-01
9.641807225133843806e-01
-8.010992815336819284e-01
-6.537672909578493563e-01
-5.262064976101932245e-01
-8.613313101174731035e-01
4.612244857329890202e-01
7.989894896519607048e-01
4.607388456429473145e-01
-8.110305353564801756e-01
9.484021088322851512e-01
-3.038827966994701590e-01
4.247425161995046494e-01
-1.000000000000000000e+00
-3.586463391998383488e-01
-3.775723852985946039e-02
8.868512132469148490e-01
3.678894179195850711e-01
-9.605770019623740552e-01
-9.826520525717521437e-01
4.639240943288249763e-01
-3.526679307893982873e-01
5.362235067100784569e-02
9.034393321104523533e-01
-4.978079270946058066e-01
5.073827879543320041e-01
9.663574685873250747e-01
6.275139108980767322e-01
-6.395506707107023736e-02
4.910255224698494292e-01
1.518336696887210291e-01
-4.366983390118446273e-01
1.532268269611140321e-01
2.629048176974579931e-01
7.640927864272266667e-01
-7.951417922042014474e-02
-4.434646439523430850e-01
7.042088440351552681e-01
6.479063871925283546e-01
-1.412672798822824927e-01
1.899811478939084086e-01
7.837372209287976066e-01
-5.886274812384033606e-01
5.914676859287364419e-01
4.575370019467037697e-01
3.658972479092219565e-01
9.394236192056066859e-01
8.059084411106887114e-01
-7.857243418210567432e-02
-6.500460847211519955e-02
-3.783451991093929045e-01
-2.766534685828037077e-02
-8.210036291013382836e-01
7.148680520796486526e-01
-8.855468217075337378e-01
9.626540390169835426e-01
-5.797011031798822156e-01
-3.554424860893901084e-01
-3.470387324251344996e-01
-4.718756035288165229e-01
-8.621317380171689138e-01
2.528693767166769746e-01
-2.152957029249986665e-01
5.822382737773592609e-01
1.104633689389329376e-01
9.100824962963449671e-01
-2.683075494650155601e-01
-3.293888240942852708e-01
6.052305887473801160e-01
-4.135975819269803733e-01
8.935928576766054565e-01
4.403094044423760955e-01
-1.274395235810787952e-01
7.617716466668644770e-03
8.847320516513721422e-01
-6.977117484297412631e-03
2.454327578768233931e-01
2.757874581090051791e-01
6.319548843485311984e-01
4.725404530025736349e-01
1.030844710201439529e-01
-9.618916910603425574e-01
4.549106394609102599e-01
7.342172944984535210e-01
5.956008816365176983e-01
2.142251274798585570e-01
5.200839223457354166e-01
2.059624408157103570e-01
8.469087203211898007e-01
-9.490024347145389338e-01
5.403300667035186855e-01
-2.358818009836045615e-01
-9.006245127372958237e-02
-1.657905812785123167e-01
-2.581853315514548441e-01
1.311429625277233946e-01
7.023425675545311719e-01
-4.745032455855067166e-01
-7.672557591382183073e-01
-5.206032055955103210e-01
-5.451207643797615354e-01
7.161055101463522643e-01
-1.215215450816744813e-01
1.818276300091708824e-03
5.962977423162612034e-01
4.305733898246912883e-01
6.125180155093239431e-01
8.079401412026943063e-01
1.832837133782604655e-01
-2.124384346358287878e-02
-4.986011981506093260e-01
-8.800998953798315760e-01
3.264428613266323609e-01
7.201910685296808445e-02
-6.349741610365704503e-01
-6.397610565005440453e-01
7.101767325602206249e-01
7.411402565847969859e-01
8.584775799507406990e-01
5.610333822748778676e-01
1.070524087202684438e-01
-8.940205271984265067e-01
5.372144978154509420e-01
-2.149685313317266644e-01
-1.864963604244229689e-01
8.226326899364626577e-01
-6.920408058298521681e-01
2.433915601983693833e-03
-6.801225988733616834e-01
9.555794022748811400e-01
9.635578866046183855e-01
-7.999026506019812910e-01
3.446476902724879832e-01
5.150580934926894949e-01
-7.630608615093730229e-01
-7.268720727282487193e-01
-7.616940600203481182e-01
-7.961438826457951645e-01
7.039262368760612620e-01
-5.480641081626145272e-01
4.244124383568370629e-01
1.914842251263149109e-02
-7.852180499276530945e-01
-9.509832872094863276e-01
-1.660138071191478160e-01
5.377269358228340401e-01
-6.215365733031155138e-01
-6.131562524846057016e-01
-2.914154323116151524e-01
-8.514304671386316858e-01
6.471730480614634740e-01
4.104789542457083495e-01
-7.028323137056778913e-01
5.074495645364340835e-01
-4.063919059323639615e-01
-5.319562904651904400e-01
-6.538594167644262711e-02
3.281382364718177930e-02
8.922523077831518989e-01
-9.504981324228030104e-01
5.039539435176192406e-01
-9.307225435034560679e-02
-8.456438598827717978e-01
6.514738953704488633e-01
1.000000000000000000e+00
-3.904507458987680479e-01
-8.014772195226447238e-01
-1.091772845990256202e-01
3.383186456486402260e-01
1.479363577183783196e-01
5.099664833829834487e-01
9.070883611897406773e-01
-2.072756560231880929e-01
-6.687264267332460044e-01
3.285797701588051289e-01
9.162146306277603180e-01
7.583383491967994328e-01
-4.940340105555089956e-01
-3.045376721524601926e-01
-3.860748450714202029e-02
5.928622570141655057e-01
3.149230787080046223e-01
-2.339720224751393740e-01
3.678922766033012604e-01
-9.962865650269516760e-01
-7.240689483321811615e-01
8.480100209626264540e-01
-8.937902093997809327e-01
-5.821563763837813710e-01
-7.914335728689043670e-01
-2.134048323029549277e-01
7.837246169340431612e-01
2.633563218134422623e-01
-4.861568966712621065e-01
-5.027033290216422756e-01
-4.223653690032971308e-01
4.958275549460520182e-01
5.596286062169470998e-01
2.344663321470608075e-01
-6.436076146544311705e-01
-6.653568823136986055e-01
-3.224601439981398254e-01
9.480143313281952366e-01
-7.500925306470473952e-01
-5.108824970198919679e-01
-2.058375241468288763e-01
-7.725858226446031818e-01
3.170424894702108531e-01
-3.570835354733878919e-01
-2.648756577566029335e-01
3.294409889495319987e-02
5.468987687289925681e-01
9.745803835381257052e-01
7.358212317987056217e-02
5.933556044114860484e-01
-6.085530262974523374e-01
3.225906102285454047e-01
3.849599430357801833e-01
-4.402776481846464307e-01
4.585432224924110844e-01
8.528129645520499125e-02
6.423861307772016360e-02
-6.321302351301127942e-02
-9.050608745194466120e-01
-3.648057528653247950e-02
-9.186133105805478483e-01
-4.726648295455925242e-01
5.603680476910637420e-01
-2.988616711462639686e-02
4.312169632748097392e-02
3.068884341882776035e-01
-9.020554592753680101e-01
9.087250262369521714e-01
1.145189088745449946e-01
-4.559358010618284052e-01
-8.317307683736110402e-01
4.990902186245340655e-01
5.205060180779821355e-01
8.649834917277752222e-01
-9.267756486894618284e-01
2.817572513471295892e-01
8.286052102747341053e-01
-4.826772694245207163e-02
-2.876364551837764516e-01
-6.098649189901763634e-01
-3.645167308746850576e-01
4.347678293515366832e-01
6.587469085256618673e-01
-1.016939653174815383e-01
-9.257749679562632394e-02
-4.917221211162579042e-01
-6.289253813498414392e-01
-9.646261657171328885e-02
-1.769541723517913390e-01
