5.203091620717845700e-01
-5.590450255652936740e-01
7.010041722089215277e-01
-2.281399746237857684e-01
-3.943312026400309644e-01
-9.414931414300626855e-01
-6.580568195384692842e-01
9.270154068729430374e-01
7.291358960426783664e-01
2.206463774493760965e-02
-4.711346702273353504e-01
-2.563702716154239170e-01
6.196008276820084149e-01
-7.574695442565686498e-01
4.571611391811627456e-01
7.615571799596596581e-01
7.544209263761927353e-01
4.726466357579073296e-02
5.978216336021748845e-01
4.292381254338066832e-01
-3.875072145194535800e-02
6.749876134438654862e-01
7.709927183397078387e-01
-4.204076648156549467e-01
-5.164034614269057410e-01
-2.977952436307893525e-01
-2.773655528818803617e-01
-8.424152218050597885e-01
-7.280884818726602870e-01
4.605350173126221414e-01
-7.975137641229608221e-01
-8.293736098587827232e-01
-6.859802594724067060e-01
-1.367681722573175218e-01
-2.493274966838820994e-01
-8.627484173866004635e-01
6.474258625068867179e-01
-4.976440410019722371e-01
-1.326296381178255768e-01
-7.722365609423169630e-01
6.696963146678616141e-01
-6.757790172058093514e-01
-7.570363407544962175e-01
3.182538639455849694e-01
7.173981495242391926e-01
9.830993950540185544e-01
-9.139299855284852558e-01
7.333256709049522648e-01
9.820229521140788620e-02
3.066441458928650388e-01
9.621519197542809376e-01
6.095978145059417486e-01
-4.822193314991563007e-02
4.833923013090897225e-01
-9.740590096982648660e-01
1.325517536972891097e-01
3.930259695860529590e-01
-2.444392566046318382e-01
-3.521094239447584151e-01
7.728760030021630811e-02
-8.452409652054966305e-01
4.645841076296954864e-01
-3.065832672182162710e-01
-7.582420063555677103e-01
-9.848659006523347026e-02
-6.822442795543037786e-01
5.010193641015887600e-01
1.363373591999050838e-01
1.010797035714667835e-01
3.332210731194811260e-01
-1.390294940311387339e-01
7.254996863341023339e-01
-4.324566831748234419e-01
-8.453438153296015667e-01
5.876138384853519803e-01
-9.652455955601495496e-01
-1.646890435015386789e-01
5.403517366210930373e-01
7.066342033065198258e-01
-8.421895630095309615e-01
5.242192083578138817e-01
-1.199628240416417135e-01
3.051557010640928436e-01
-8.089294157491493387e-01
2.949414766806313093e-01
-4.347296551481978355e-01
8.252336193635614325e-01
-2.693732499108980605e-02
6.485264640443187956e-01
9.325593474712181585e-01
-5.444910975630490313e-03
-9.374215308490456700e-01
-5.768028483761871161e-01
-9.701472709453389243e-01
5.209121623848655958e-01
-7.440536337537360101e-01
5.256280644048727524e-02
-5.579054568009502724e-01
7.398446417283900400e-01
-3.994422951748999306e-01
-9.504144756760988244e-01
-4.483344581070962120e-01
-8.165703528578376336e-01
-2.406450005515354817e-01
7.234323126681085903e-01
-7.551157619979647073e-01
7.925128672766550419e-01
-2.276483256738435212e-01
-4.241836165726828867e-01
6.210103095243661997e-01
-5.758933531321894783e-01
-8.370368108896466541e-01
2.895019601120507602e-01
8.898446683767358145e-02
-6.540253781372020736e-01
5.748845167004607015e-01
-3.671995868884557201e-01
5.914450376991047253e-01
-5.371704668913783731e-01
2.263601890943187644e-01
-3.995498643337624944e-01
-4.385916005528485151e-01
-1.290506036920282540e-01
-7.793034217785119733e-01
2.072854429853381308e-01
-3.440473417215923480e-01
6.538357551703193327e-01
8.288083798484260356e-01
-3.562300374573232897e-01
-2.792178049025397790e-01
-1.272316660911578801e-01
-9.059285763300333194e-01
-3.841714485803417456e-01
-8.129409935095561757e-01
-5.844844139887226397e-01
-2.714667675240485245e-01
1.367535232051535488e-01
7.883091327064208897e-01
-8.082280349999202418e-01
9.550348319302699451e-01
9.905440883605447500e-01
7.250331457530350132e-01
-5.618108801570387278e-02
6.192926051384415320e-01
-3.345939943347091550e-01
-5.898848650704822116e-01
-7.420075478011769476e-01
-8.533547008796604771e-01
-7.548113625019412520e-01
-8.441645728895874612e-02
9.958947575775680683e-01
-2.924009514973782142e-01
9.769876650371946969e-01
-6.790013305056330495e-01
-3.395093373746229659e-01
5.814123661153030032e-01
5.442105681100251058e-01
4.695482120198097853e-01
5.376934258089698382e-01
-3.354689326025299678e-01
5.216375205174561547e-01
5.271321716857166884e-01
-3.660973612340949757e-01
1.384230477702641515e-01
1.438810290200995823e-01
-1.562799677429238532e-01
-3.354388394651570682e-01
7.330932365121896055e-01
6.129721142516639798e-01
4.297172255577126343e-01
-6.414262705368511952e-01
-5.874865259962298580e-01
-9.586463847210715539e-01
-3.607100418415873921e-01
-3.613836952126050495e-01
-3.258702068351338466e-01
-4.536473342771447648e-01
3.175457023911875121e-01
6.411393467900101673e-01
-3.573491405119235687e-01
5.982696225983112903e-01
5.809566802848296074e-01
-9.067576616106514109e-01
4.494742488804706060e-01
4.307716240170871291e-01
-9.444146237536465982e-01
-6.485291248589948321e-01
8.896529448000261020e-01
-1.721854331179417663e-01
1.166697454651572929e-01
8.131621848058896429e-01
-7.529514262849363870e-01
-7.445026791985704939e-01
-8.904706414965782857e-01
-2.467723992139969624e-01
4.261207966129985092e-01
-1.780605862372415249e-01
-5.921365128797362321e-01
-9.063298646401782843e-01
3.242488184145921881e-01
-6.926163711844279813e-01
-8.696282578116676376e-01
7.304173998056759931e-01
1.954416249231031855e-01
-3.272713881792344015e-01
2.004513603071766681e-01
1.770147246096447358e-01
6.893941176786554381e-01
5.176798733370198136e-01
-4.716942963189951765e-01
-2.139891302306189402e-01
-7.734356103525539261e-01
-1.469831192484982729e-01
2.400314039826842993e-01
1.975934160304624321e-01
-4.611691372865873717e-01
5.517345250167111637e-01
5.389294611581425531e-01
5.156429942876212813e-01
7.929671404238929355e-01
-9.783934049101501440e-01
-4.788299836055240899e-01
-4.254808093804762770e-02
-6.988266157760714137e-03
8.816890968951929253e-01
3.209922149211006381e-01
5.878330853228073138e-01
9.529061547491821660e-01
-3.026874938653447700e-01
-3.601430711657847006e-01
2.480778531660243758e-02
9.695352535011532158e-01
1.934195852194937615e-01
-3.417848230008690980e-01
-2.320838999025198746e-02
-1.000000000000000000e+00
-8.858666463000399727e-01
3.920583983258008054e-01
3.732520941185271113e-01
-7.205392573898461439e-01
-2.808863223816264743e-01
-2.033491840131032014e-01
-5.730278220410436330e-01
3.539801524225336671e-01
-8.698230249292995264e-01
-2.865955979943768384e-03
-2.275747396786229615e-01
9.035541340103629970e-01
2.291677688497799625e-01
-6.343580132254933446e-02
-7.700749882951685166e-01
-9.166901311040713818e-01
6.042439509009887022e-01
8.366688158315040980e-01
-8.527290823690063526e-01
7.631619909087727915e-01
-3.275531335336416827e-01
9.210694546306887887e-01
2.135220121684063277e-01
4.582779484602030884e-01
4.613985686634488048e-01
-5.568429556178258188e-01
1.531500212501590852e-02
1.292202704490812426e-01
-6.937544442757823671e-01
