3.924615173271202018e-01
-6.830028576100943827e-01
7.103531116685448676e-01
-3.665388784009673273e-01
-6.723205244518699608e-01
-4.539041382438218086e-01
-8.551319823739145232e-01
-9.542130606147700700e-01
5.272483385899982000e-01
-4.276103992730868608e-01
8.945383000926176997e-01
2.756627930443966701e-01
-8.955596440296225147e-01
7.768197604530038269e-01
8.037616365528337248e-01
-9.324431565006177092e-01
-7.657728766346072469e-01
6.778186313015603925e-01
-2.594229603615074709e-01
-3.954820329304009618e-02
-5.627521820299272726e-01
-8.468847703152979634e-01
9.242736713886627875e-01
-3.095319575907098386e-01
-5.408644581847843469e-02
7.751639166423305305e-01
8.778188101654529341e-01
-7.920390631928038161e-01
-2.685323914262168765e-01
1.028979457388150553e-01
5.215233261629426131e-01
8.898378780962601375e-02
-1.757634946649384577e-01
-7.589986124449312754e-01
-7.194344911027454881e-01
-6.904057294039640524e-01
4.286141616137766341e-01
9.715443444511333571e-01
-4.706156157583976096e-01
7.221680691734024826e-01
-6.872981158033375504e-01
-1.775035610161523891e-01
5.042391999860704743e-01
8.856916349988597226e-02
6.060396416327917812e-02
8.772004679793812265e-01
3.579921488310033872e-01
5.440288404204427497e-01
3.714527838732273324e-02
-1.792327794662937901e-01
-7.066141607665878954e-01
7.345601582048857381e-01
-4.751099924089117188e-01
8.148941888027878555e-01
1.505877973025890881e-01
6.737038168810567385e-01
-3.466694377236461122e-01
-8.041483711533019552e-01
-3.536930715614077236e-01
4.963835228349910977e-01
-1.000000000000000000e+00
-8.714857607372523685e-01
2.451418502569322477e-01
8.128170632076154867e-01
3.522130518597981208e-01
-8.840928308222257836e-01
8.415675220101552778e-01
-1.452553870064530184e-01
-7.079248660313026686e-01
9.180734718370149317e-01
-2.963171996366682492e-01
8.343005897801862858e-01
5.708033212609633367e-01
-8.020209746786588489e-01
3.612174608193654546e-01
-7.474986688679563507e-01
1.616488565433658042e-01
8.905143614399844143e-01
-1.292568844775729975e-01
6.196072618939396648e-03
-6.144813153966754982e-03
3.284595030387846837e-01
-6.003890540851510860e-01
6.953621181121938388e-01
-4.878894169955025895e-01
6.764629612042827311e-02
-2.917761920844297308e-01
6.817819083202076857e-01
6.604209486256538142e-01
-1.322150281132938865e-02
1.576161881990121305e-01
-7.803923698795045549e-01
1.978346707787204117e-02
-6.243275924330677906e-01
3.268824011912596639e-02
-8.608295201330313784e-01
-6.171203992492482193e-01
8.766320150503894570e-01
-4.873860110355807684e-01
1.962239281959732295e-01
-4.240794005339800776e-01
-9.660366930951789222e-01
9.425161697653825499e-01
6.546181747238856152e-01
9.303578578243865138e-01
5.992536549948830338e-01
-8.761872753985626705e-01
-6.760577791005071280e-01
1.487886869259433809e-01
-5.436117600485206314e-01
-9.667136912858580455e-01
1.175299583455813313e-02
-1.100326817951238212e-01
-4.738750713813264515e-01
-7.704272075893214833e-01
4.950729704674061704e-01
-6.239808079825988063e-01
4.166030895631724906e-01
2.511434433698622737e-01
4.972274476788038911e-01
-2.010433432553337951e-02
1.780890160058008487e-01
1.053426863070441311e-01
-4.844034731669990546e-01
7.110045260520625465e-01
-1.972570939639537446e-01
8.289005648816476501e-01
7.115183579232264854e-01
-5.979308879221274520e-01
2.176902255667954034e-01
5.829698805810545892e-01
-4.717741382479734291e-01
5.576446087231605730e-01
1.603678457011419312e-01
1.000000000000000000e+00
3.321291320750350273e-01
6.118095765404789610e-01
4.072352275803563515e-01
9.789591342620407310e-01
5.269055536433782105e-01
-9.463485868019749780e-02
5.338946184630759539e-01
-9.512917949586279232e-01
8.438640272093578254e-01
-7.526197661209554912e-01
-1.507038544075900433e-02
-6.172275303419805237e-01
5.408723154021610746e-01
-7.493144480749873715e-01
9.996683046573358045e-01
-5.464347590669553778e-01
-1.486629851645759892e-02
-1.030008958397465868e-01
-7.269084647172892044e-01
5.992030257953708805e-01
9.395510809795488694e-01
-6.037786345653932685e-01
7.050719939634879641e-01
7.501828235946246259e-01
-7.940910945538526278e-02
-8.912223642083567654e-01
-8.836719725541122283e-01
-6.152010429864918084e-01
-4.560747621702956889e-01
-8.889267936587914587e-01
-1.566418639144024905e-01
3.163671850629512505e-01
-7.624908021748952880e-01
7.796361312014687961e-01
-4.022372246108165683e-01
-7.708592680784647211e-01
-8.851410522609637344e-01
3.116488439437692382e-01
2.946167614436968618e-01
5.505276399438083779e-01
-4.863872224245058273e-01
9.999246382561612911e-01
-1.542559546478576848e-01
3.022688859273694462e-01
-3.563737029018643199e-02
-8.051631744452225625e-01
9.393640899124056087e-01
-1.894170380614592086e-01
5.306853796339601192e-01
6.088864955982451477e-01
-6.110342225563649698e-01
3.858565132687614696e-01
-9.530019553555610923e-01
-4.354142890649297382e-01
6.931198872712431847e-01
4.549907490318665371e-01
-4.305522312784511030e-01
-1.364829313275841560e-01
6.115964831483893249e-01
-6.105846359253510602e-01
6.833885292268424561e-01
-1.476986798197754691e-01
1.063379719244290644e-01
-8.860277487270473706e-02
7.145677543866713055e-01
5.438591204076568264e-01
9.424400401169070740e-01
-5.431854176229908848e-01
6.215608659417086734e-01
-9.462819318883608499e-01
7.830872562002486603e-01
-5.108586393893670419e-01
7.049929952266797972e-01
-3.848102193906901558e-01
4.192321696848935186e-01
-5.858001731241220256e-01
3.844858405848330385e-01
-2.857435127835308286e-01
1.000000000000000000e+00
8.297832576748787048e-02
-9.748233663270866600e-01
-9.076077957722938905e-01
7.151446282391440423e-01
1.070637745946358965e-01
3.036041880344452770e-01
4.026624347001295234e-03
-7.219046896225091992e-01
-1.081107629693704997e-01
3.751640269008023054e-01
9.843253710173718307e-01
5.953823482316591420e-01
5.455261037232030930e-01
5.269372596902233141e-02
5.612407013381441878e-01
4.394280916900135114e-01
5.549382998694778468e-01
4.395680155218029128e-02
-4.562050688941567955e-01
6.300217407995789554e-01
-8.975369765987488702e-01
-5.975698881988076305e-01
1.530815571825350219e-02
9.474292082143380700e-01
-5.661762587528937907e-01
-7.806724432459619667e-01
-9.599121046740699548e-01
-9.219904528798739118e-01
-9.112078251247999194e-01
6.718023452806312079e-01
2.385995475774145280e-01
2.325342737922651004e-01
-8.997613537460706912e-01
1.758529382023350518e-01
7.785004671133886056e-01
-2.976800873437286388e-01
-5.780556881550442672e-01
2.089822309722930704e-01
6.000774138983158146e-01
4.329097690395355968e-02
5.291276656861207961e-01
-9.759777450713773561e-01
-8.303649147106295647e-01
2.316254904120482738e-01
4.327608949924730553e-01
8.088247594158952669e-01
3.454559768188907309e-01
-1.915656325486123635e-01
7.968729357058867979e-01
4.466494614210489988e-01
2.969286013299954341e-02
