7.800381078315112848e-01
5.687089834196148441e-01
-2.684381347477304836e-02
-1.587936305585921914e-01
3.140403459381275741e-01
8.000463780334614583e-01
-8.035183105055896391e-01
6.590553018856410983e-01
3.015618711505858585e-01
-8.688865799346296992e-01
1.043102914950770899e-01
7.898720735960609307e-01
-6.721918272343692102e-01
-1.068152878173330295e-01
-7.489388571434325848e-02
6.202786708249401482e-01
-1.778287128570311126e-01
-5.775264013716775446e-01
-5.308966152362373236e-01
6.969855265030575620e-01
7.942308726813160913e-01
9.704075429581020540e-01
-4.832035521416091495e-01
7.505548448563854613e-01
1.180777281111122790e-01
5.878341573904642958e-01
9.715515638491887263e-01
-1.808570756569075413e-02
-6.955097688840150560e-02
7.065531345483800907e-01
-1.174900787584185480e-01
3.059014336143801582e-01
3.287616653560054836e-02
3.643661721709809953e-01
4.894664071834800012e-01
3.557334364759141554e-01
-4.606471380413903471e-01
-3.114227705964227044e-01
-9.689079828428703856e-02
-9.311513394935329035e-01
8.494676207885802910e-01
2.339114247626330467e-01
-1.655546367729052726e-01
6.286652693515271118e-01
-8.524530281211040172e-01
-3.319367056151476536e-01
-9.850090801529907125e-01
9.815544051814824034e-01
-3.830929002283063323e-01
-5.178005187697298783e-01
-8.376015020519764764e-01
-7.008733000547973102e-01
6.079007512300023119e-01
-8.815332432607743129e-01
6.033988992594316869e-01
-4.019459474360641271e-02
5.928880346748930386e-01
4.369112244047729798e-01
4.030049894007423639e-01
4.266544685767574840e-01
-6.526540915181360258e-01
7.845779534496029051e-01
5.463730049596847715e-01
8.920711827686147455e-01
4.952679678190583523e-01
-3.595480653966054430e-01
7.120601427263717476e-01
-7.447497186407336933e-02
2.678896684585055921e-01
-8.355757318273735468e-01
4.364735111201820672e-01
-9.903514810121180623e-03
2.120665973411022254e-01
-3.981787429302381387e-01
-8.223111529016162713e-01
5.314346213997558355e-01
4.009927876210761521e-01
-3.517269049143059156e-01
-7.269583364218989985e-02
-1.472710512675245997e-01
-2.956034502743039027e-01
8.449466140572488015e-01
-6.282352814941399854e-01
2.468263309255906979e-01
5.553258390591704341e-01
1.110688320461378359e-01
2.060217925289382634e-01
-2.628599465361376453e-01
-5.786171892104428061e-01
-5.976350840847997198e-02
-1.471009237906748535e-01
-1.000000000000000000e+00
3.243780435184504540e-01
-7.468335604165488029e-01
1.000000000000000000e+00
-1.609105670627956619e-01
-5.473120869231602459e-01
9.060800667715777079e-01
-3.748459081636743573e-01
-2.633973785964660586e-02
-2.808619739587516762e-01
2.083240633015002174e-01
2.622916403117212664e-02
2.901094892924742652e-01
4.572600910449418077e-01
1.647631777708769008e-01
1.597475061891027170e-01
-8.295188843805538781e-01
-7.011453811509236189e-01
-8.087587303543233297e-01
5.671041898188634578e-01
-4.322910794317354477e-01
-9.040918769579805447e-01
3.260791345039333322e-01
-6.331010126390539394e-01
-6.492552035532439536e-01
-5.457318026623154683e-01
-7.026353989610181205e-01
7.418248127084398069e-01
2.631737677659085062e-01
4.979712192968925866e-01
5.758745674611203125e-01
9.632113081438804514e-01
8.683868492188506760e-01
-9.457221051487434416e-01
-7.201025951234854006e-01
-8.542058434762467289e-01
2.285824186893394838e-01
-4.837302559435274762e-01
-9.444963282932857807e-01
-2.941125365980854500e-01
-3.670119966451608207e-01
2.206336704402644955e-01
-5.077372928881789260e-01
7.521998825117996723e-02
3.131627905112821519e-01
-7.084140855303160400e-01
-8.203936124739263924e-02
2.050087377856890658e-01
-5.941869464072606632e-01
5.593184010890870361e-01
-8.133114638186913492e-01
3.289893913793502378e-01
-1.669424918757238530e-01
4.876817908099795318e-02
-1.492338337391839465e-02
1.000000000000000000e+00
-2.505276467936019547e-01
1.120815412868918504e-01
9.618026072356100631e-01
-7.143705184200251912e-01
-3.026821402346996370e-01
-5.181417818730575942e-01
3.284383643687283083e-01
4.855814148300097166e-01
-3.014302624686044929e-01
-2.825778454710734522e-01
7.355516598161584430e-01
-5.679963267100884838e-01
-2.473551664023028174e-01
-1.559436296606315775e-01
9.940110622023721199e-01
-2.461861743004767344e-01
1.523267555116039895e-01
-5.381785668660827859e-01
1.020233774349517120e-01
4.002428677905038867e-01
-6.651246250047997410e-01
9.174085863212827485e-01
-2.086650774848286538e-02
8.907573763612457451e-01
-3.150371220323828214e-01
-6.941287282638448630e-01
-1.917456014887404248e-01
4.701623668925771771e-01
-1.882869535467202038e-01
-8.424273671716782097e-01
5.858135323532558392e-01
-5.451470796211657088e-01
2.064651551737355373e-01
5.005975722262869798e-01
9.982725631551381262e-02
-7.901567420076591741e-01
2.059289408943918431e-01
1.000538407113973349e-01
3.199661492843255406e-01
3.519092265533450004e-01
-9.166432877712975547e-01
-4.359113638042733108e-02
5.599886017622432988e-01
8.901002479536294087e-01
-3.899366754890440934e-01
7.911605921816307063e-01
5.278652832602261924e-01
-3.865008199424193602e-01
6.635667950214623190e-01
8.895677840111451129e-01
5.057474960878541870e-01
6.577212953195148426e-01
7.026463456989961998e-02
-6.585675901316978553e-02
-2.441624018338373059e-01
3.306496290399567606e-01
-3.971029306021645056e-02
-6.250142013513395600e-01
8.828276137036821236e-01
3.800175914160126567e-01
-3.471315154988978691e-01
-2.818459774756132408e-01
-1.041818971334183830e-01
-4.662599805568260480e-01
-8.508464550897238965e-01
4.146997057937731324e-01
1.947403141230905632e-01
3.511941305833099491e-02
-9.698197654591088623e-01
-4.086586408947636695e-01
-1.575613447796431199e-01
5.189444850917637186e-01
-8.608287816206403598e-01
7.308965334195871577e-02
2.192106134397631689e-01
9.110783496204561960e-01
-9.910694295827520151e-01
-9.103014937330091705e-01
7.859790540424471672e-01
4.880230373902597063e-01
1.125732502950389513e-01
-5.879539131807518526e-01
-4.373940360223118606e-01
-4.618813186011005989e-02
7.730064496069446456e-01
9.390364463531455375e-01
3.593529886258441941e-01
-7.673348224811658014e-01
-4.044899901548644205e-01
-5.482246163112498571e-01
2.287914071783048175e-01
8.156103908502903010e-01
-2.661765204062602752e-01
1.468550311049843238e-02
-7.789510322069068682e-01
-1.437965146722993415e-01
-1.004096168274410950e-01
1.758684784043158533e-01
-1.916596640206267299e-01
-4.809679770851114089e-01
-2.406829488025130637e-02
-9.098489482438347764e-01
-3.267827688848501388e-02
-3.251499766619463383e-01
2.306263693798082937e-01
7.420691187834533853e-01
-1.654151109169981204e-01
-4.789725846238226392e-01
-8.495808298302314210e-01
-8.152009899969103746e-01
-4.676477779549697011e-01
4.913687759610423367e-01
4.729379194028533462e-01
-1.946902132081822501e-01
-5.044459901715923067e-01
-8.708603071269889195e-01
8.269428050153597720e-01
-1.652631390623357510e-01
