-7.666541425685915456e-01
-2.498454017342015554e-01
-2.912309328459550262e-01
5.552072210624170445e-02
-6.515906962592605822e-01
2.859663130649854335e-01
5.400892035042468287e-01
-4.182502965223786617e-01
-3.946148598353782511e-01
-7.201222418950894433e-01
7.159627294318342550e-01
-7.748897941265622258e-01
8.804042182546205630e-01
-1.657287846294930034e-01
2.284438654819183068e-01
8.660065818214173206e-01
2.134074673044732418e-01
2.773863898051220911e-01
-5.565780410662217736e-01
6.497176096176640048e-01
8.428742620475986325e-01
-1.261239786706962462e-01
2.039318446024951381e-01
-6.932580289847514177e-01
-7.743887293751963163e-01
5.374058258650109554e-01
-6.527550698563815423e-01
3.055768026050378339e-01
3.923270541564869429e-01
-4.357113049503694713e-01
7.335830005082986105e-01
-2.845808673967151758e-01
6.394922391303267117e-01
-5.505301479257544983e-01
5.453962952931832309e-01
-1.122393038666353871e-01
-9.849550911820963428e-01
8.853578011053317987e-01
-5.182195434009404522e-01
-9.432264012947539911e-01
5.415340183706485178e-03
-7.780458468094979541e-01
8.063277034120901465e-01
-4.220631673555581553e-01
-3.966930805080677302e-01
-6.728944088526334077e-01
5.837137667845972988e-01
8.439216484015052977e-01
-4.903770011671768625e-01
8.046902689606794112e-02
-3.016962915139598245e-01
-3.464913731381029649e-01
1.402116551479602735e-01
-2.574822069062689955e-01
-3.307290690977819914e-01
8.308320050965916082e-01
-4.555264967034604595e-01
-2.340251277299477961e-01
7.666677061607087840e-01
8.824260437635331744e-01
-8.392081390639807292e-01
-2.544537196024765358e-01
-8.465524945617046715e-01
1.290253415632158784e-02
-7.694224247529060090e-01
9.414369157697555224e-01
6.230064060641244961e-01
-7.072760239336994825e-01
1.089813520446321071e-01
-1.256775709907116401e-01
6.555956685520571980e-01
-3.173915200572430262e-01
-9.642306308061325826e-01
9.788376566029770576e-01
-6.283533070138400678e-01
7.377687072591274653e-01
3.569912082783022189e-01
6.354076297687829555e-01
8.814253593238694506e-01
3.425599827202403524e-01
-3.289090984255604311e-01
7.538286784087855352e-02
6.330381961362974153e-02
3.741363391987240217e-01
-2.355409702487647472e-01
5.561680232905987786e-01
4.573987885119972230e-01
-9.001717524603825016e-01
2.371938331005607470e-01
2.166089012409184722e-01
-8.833953520669772796e-01
-5.754152493186741602e-01
2.868962166272429060e-01
-5.191293023261613904e-01
1.409149329343746260e-01
-5.793081270434790042e-01
-8.685579943336079189e-01
8.263230896472588682e-01
6.608933749653387313e-01
7.174001007864665436e-01
7.233008536718357195e-01
3.370895673417266813e-01
-3.782341148161527666e-01
6.951367694504861916e-01
-7.739634576457874449e-01
-5.363917141974512415e-01
-9.971535503799551226e-01
-8.092152679294388751e-01
4.142595932026316152e-01
9.512244925606991863e-01
4.267323208696200965e-01
7.095162599278561633e-01
5.631834532170414409e-01
8.561778537306872217e-01
-1.034450824103709810e-01
-5.902787365716404278e-01
-7.346647166596005363e-01
7.063069450015440065e-01
-8.416765637740999395e-01
-3.040456488602170104e-01
1.387462662192457952e-01
-4.822936750976241083e-01
-1.523974409885986425e-02
-1.409115165960770355e-01
-2.492775289976743025e-01
9.472398317584505012e-01
-1.020903450900164794e-01
-6.766835077216195593e-01
-8.536502754083128419e-01
-3.136065995134564854e-01
-3.594090895854609169e-01
-9.182377530392740184e-01
6.898732519776649141e-01
6.053677648456903260e-01
1.243931856237989741e-02
-5.182397098080946396e-01
-7.651955917213058012e-01
9.211500087292707750e-01
-6.104211979146194622e-01
-4.095956642078364407e-01
5.221843940943937667e-03
2.087102618540963572e-01
6.229165325161745148e-01
-6.695064906450094444e-01
3.830351027497105321e-01
7.558041877160894817e-01
4.873708353161785301e-01
6.890196231035552454e-01
-7.530548724549761541e-01
2.653812416471184044e-01
5.588128612063257838e-01
5.792388189465622617e-01
3.431670590426150191e-01
-6.937549460169942783e-01
-3.573378399768822877e-01
1.115264850608934655e-01
1.661425153721778347e-01
-4.888677574044287266e-01
-7.378875368602149099e-01
-7.390687512544849014e-01
-6.473196892143702197e-01
9.181657617374645586e-01
2.996365135040239824e-01
-6.619346145760257594e-01
-4.490951780697720608e-01
-4.686474768354835785e-01
8.914897775093799659e-02
-5.199436810093756023e-01
2.470205733789558322e-01
3.367289530352002291e-01
5.190705495371934486e-01
-8.339108306315003993e-01
4.419800453466216084e-01
5.295192411858073989e-01
-9.134280700839334521e-01
-1.348754088203806822e-01
1.846532502686206723e-01
8.503180207132151613e-01
-5.840081735963862375e-01
-6.014147750459259978e-01
-9.985365023754437797e-01
2.948181562261051880e-01
7.495204177681207280e-01
-5.226422651574055278e-01
-3.250871385240547973e-01
1.266206653298653784e-01
-2.049099719411220377e-01
3.998044025943263691e-01
5.614788479046222136e-01
3.748190210792907706e-01
9.563520381453665120e-01
3.905415899824260517e-01
-8.776372828461296294e-01
7.207013898577614430e-01
-4.181889330653218995e-01
-8.334287063474097312e-01
4.385823479395445368e-02
2.405191566536168946e-01
4.162400597886417586e-01
-7.537726196797538414e-01
1.677794912554957385e-01
6.914182255244194497e-01
-1.504882305331387560e-01
-1.019925818212093604e+00
-3.200478724342736836e-01
2.025697732829412345e-01
5.160326750050366895e-01
9.838673152130668065e-01
-7.231476103966265612e-01
7.569389511270263604e-02
-7.638580586406276129e-01
-4.056362330113898462e-01
7.099214155612365573e-01
9.242464333025119938e-01
4.056577730404112292e-01
-9.673318481469070917e-01
-3.687590762446801840e-02
2.109499870403059862e-01
-2.096192994043293845e-01
7.898455198076277384e-01
-5.896100932631145319e-01
-4.478124112087478181e-02
9.179977730772168609e-01
4.500440951146258417e-01
-3.245150650024399841e-01
9.838729398766685730e-01
7.680402428129434744e-01
-7.809065004103454832e-02
-4.099222297135061144e-01
9.427299429478062098e-01
-4.465442343262056579e-01
2.843664975550486140e-02
-7.995985668455738438e-01
6.107390198979177898e-01
-4.232219583407330621e-01
2.034535414669873532e-01
-8.433758636620984628e-02
-2.883649232916809524e-01
-4.551929372383090033e-02
-5.687483401023372132e-01
1.212640864216088105e-01
7.809397647846254564e-01
8.114434802684786785e-01
7.651768743502729286e-01
-8.062508827058700867e-01
5.482422110879781041e-01
2.399574140893048213e-01
-7.702074781341077259e-01
-9.559694277961154896e-01
9.805526665258939012e-01
-5.305118182082099176e-01
-2.994342673559481360e-01
4.973877859080055308e-01
4.884538804831626280e-01
8.388519167427990197e-01
-7.882936514082603541e-01
-7.938636903851414850e-01
6.297994348999996772e-01
-8.272113015719810836e-01
1.080497418346753058e-01
3.498105356244747277e-01
-9.173287399942677833e-01
5.191480473819163333e-01
9.368826044911879869e-01
2.012722207785690998e-01
