4.502961996246321874e-01
-3.608214912262175389e-02
3.435053165982946410e-01
8.035157730472231030e-02
9.942569140842631992e-01
-1.000000000000000000e+00
6.096154230359867032e-01
1.664944728783550598e-01
5.387849598734779644e-01
-7.465902075114501102e-01
5.123227768493969769e-01
-2.591908661191792973e-01
-6.658423474521184549e-01
7.519095860330153869e-01
6.675322712150359994e-01
-9.507583382281192819e-02
9.136856632714636384e-03
-5.136126529884139646e-01
4.926616077930285886e-01
-2.356261233480601014e-01
-6.910126803008556085e-01
6.386507447028122453e-01
8.394273776193068581e-01
-9.245801929562502686e-02
8.984889303752494616e-01
3.028371763374612669e-01
-1.361994095277807397e-02
1.019919284678993954e-02
2.794673601498927074e-01
-6.597352843547408252e-01
4.619082898639224055e-01
1.488415840017469627e-01
9.920836301753863662e-01
-1.126814078191662460e-02
9.024973315982498523e-01
8.231257334593721220e-01
8.512900038760979893e-01
2.047414536099478877e-01
-3.210909699315300792e-01
9.374796400682807729e-01
-2.312745061654220002e-01
-8.459474265138824389e-01
2.491534953669261032e-01
-4.389282125343358931e-01
9.281545933588548625e-01
-6.659492956751331683e-01
3.556537198522917720e-01
7.448528785242991557e-01
-5.141129828132827706e-01
-6.063010369916004283e-01
4.236116958250590869e-02
-5.386111247169722560e-01
-4.394626407120814093e-01
7.170855008866947600e-01
-2.205517345396161843e-01
7.120713299165224441e-01
-4.035657821850513471e-02
-2.523270651528402020e-01
-4.212643173987483391e-02
-9.923542701616010486e-01
7.909310875720543255e-01
-5.226568876846107159e-01
4.676004561577724594e-01
-4.494874822013923410e-01
-1.887599529976193846e-01
3.919113327395307156e-01
-9.839779713732761390e-01
-5.883102547483975986e-01
6.943230985465629335e-01
-7.976686265318861935e-01
-1.322231826852897640e-01
-8.978782363524502319e-01
1.452995351935764123e-01
-9.018464132217980378e-01
-6.892046655714203496e-01
-2.213875861455488758e-01
8.757336541864766399e-01
3.961612069493274380e-01
-8.614560021493773423e-01
2.150980007407212735e-01
9.937900473542495838e-01
7.992282823762599797e-01
1.423360018961921103e-01
3.539810579752802333e-01
-4.435764477495172109e-01
-9.901452628202251915e-01
7.000580408331038562e-01
2.733578721312026616e-01
2.329012233728922077e-02
-1.494181789361550550e-01
8.642522631981004455e-01
3.315970049978993472e-01
8.924646341556798923e-01
-3.735989064455003117e-02
2.495580521071616431e-01
-4.903344020956998950e-01
-2.790445283962776912e-01
-6.495754424637327773e-01
8.240976223632601183e-01
-8.500633800433983200e-01
-4.527563280025305725e-01
-5.181132408479719453e-01
5.453175405980241752e-01
-3.498070443861034384e-02
-8.090343403311115456e-01
2.405607053869731060e-01
5.227857989375177539e-01
-6.614291128614685489e-01
-8.797368677829733308e-01
3.107377248012819226e-01
8.145796563036966642e-01
9.566905076651953665e-01
4.013650254453939858e-01
-7.066884007949886248e-01
5.166883391042911278e-01
2.272589307393206859e-01
-1.572993088996468281e-01
3.267771023432081146e-01
-1.745955453068859242e-01
-3.239681913832774818e-01
8.953714392909754016e-01
-1.417358122037663815e-01
4.468713205517127474e-01
-9.982899540897678392e-01
6.316710929183282364e-01
7.635383137973816847e-01
-3.678839950816290560e-01
-3.240758975229534045e-01
-3.154344836890767834e-01
-3.197287705822218218e-01
8.606203435603405616e-01
6.781066436196985237e-01
2.443318968974816929e-01
3.146066124397770558e-01
-5.162295991856629129e-01
-7.015482305345543956e-01
-3.678838656284628694e-01
-5.734961882115150456e-01
-9.728764544133048364e-01
3.666305228165585017e-01
3.812550778127783424e-01
1.462517012912631920e-01
-9.703743020752346737e-01
2.194511972796320265e-01
2.310986494107440947e-01
6.886380957116815527e-01
7.695754045097829010e-01
3.864690012691311960e-01
5.151508406810330065e-01
8.451339663420964765e-01
6.275909385809770313e-01
3.928881110725492842e-01
8.104909672057543091e-01
-2.633205561060072419e-01
-1.881080878453194050e-01
-7.144739803080595308e-01
-9.002836054255412002e-01
-8.575523028521074842e-01
-4.731327268491203331e-01
-5.865820652715476591e-01
-6.625592224507248496e-01
-4.412446457921026521e-01
-7.304648346763036315e-01
3.455054727709394591e-01
-2.484397926058409256e-01
1.332479448976548742e-01
6.877889321364258901e-01
-1.135087947461626001e-01
5.547067164206358481e-01
-6.916052344880312397e-01
6.793800250748145420e-01
7.431982629435534005e-01
1.757525765337935586e-01
-6.178800751673625413e-01
-5.318729663698926746e-01
2.726438497734307020e-01
-3.233685306301323781e-01
1.847823106698054385e-01
2.766428318185767399e-01
9.943393440637924297e-01
-4.598467574326667862e-01
9.186830162310504200e-01
-5.347043877432251513e-01
6.511838794643108885e-01
-1.979852946157989457e-01
9.225952685041851620e-01
1.018210647456336826e-01
1.000000000000000000e+00
-4.120576738528531902e-01
4.958345902996755816e-01
-6.609836458340025978e-01
3.476586329625439564e-01
-8.957048608633149112e-01
6.286123667778567015e-01
-3.815396961552222077e-01
2.039443877995372745e-03
7.383158099287361331e-01
8.106954708374864982e-01
-8.597995770624609069e-01
-3.690641905392411104e-01
-6.530102563649691216e-01
-6.010371197575659075e-01
-4.127658220765413333e-01
2.235325036212998384e-01
6.624040487133329158e-01
7.089639045968150199e-01
7.507590120740155193e-01
-9.884440887147438737e-02
-6.690838091130938414e-01
6.834684881737124185e-01
-6.677184485974398953e-01
1.018909965181731270e-01
6.172460465485304221e-02
9.641418632318308202e-01
8.794019232704362032e-01
-8.162651931419249163e-01
8.697542052811726432e-01
5.303842954416393418e-01
2.674316352203920388e-01
-8.544538512484504134e-01
-5.480761554458231100e-01
9.933082750129371696e-01
6.478938258585038579e-01
-2.557411671831546496e-01
9.236201081533443880e-01
9.134923876231182405e-02
7.813229102071317378e-01
8.647338108838820148e-02
2.532684374236247038e-01
8.658813781990675196e-01
2.782257754504624536e-02
-5.533262495517052848e-01
3.374914705049872898e-01
-5.386108888098624092e-01
-8.167390831670207074e-01
-1.274863080726049702e-01
-9.885130338049654686e-01
-6.901149796114987023e-01
3.270463107586178975e-01
-4.359357230970470898e-01
-3.120271100539948050e-01
8.272051010662851978e-01
-4.567119564206377769e-01
2.755629786361104561e-01
1.446492540245463143e-01
7.087204079026950820e-01
3.392888078445657207e-01
-8.537969568044379010e-01
4.402813748958021023e-01
-4.420012480417034872e-02
-9.109913417167256888e-01
6.874442151107005294e-01
-3.053746656817482030e-01
-6.116747830220539139e-01
-3.201151198232390360e-01
-6.535499615292227338e-01
8.933670898006942362e-01
5.947946244522754888e-01
7.321523070326243499e-01
-6.092444310872133784e-01
7.756555563562910205e-01
4.341070061738279140e-01
-3.339113515041107760e-01
8.616920775108365405e-01
-1.503873724800957046e-01
