-5.764808565758471337e-01
6.142803013060388340e-01
-6.312307855337411233e-01
-7.701184298920913385e-01
-7.667699451751304185e-01
-4.082696475601126362e-01
-3.206996929426770282e-01
-5.743907107694601333e-01
4.134148366542541586e-01
3.213073381909161141e-01
-9.464084737210063381e-01
6.373440766080364916e-01
-1.505338882038421144e-01
-8.018291281618570299e-01
-5.221817839874234313e-01
9.225629799407906173e-01
-8.037456371185907056e-01
-2.177181719889746958e-01
9.088935571268161873e-01
9.837321390455218140e-01
-7.114597861401783518e-05
6.788065865049361935e-01
5.027408318894881489e-01
-4.201589672927621422e-01
4.509512306716509933e-01
4.569795962536051803e-01
2.184502571340565247e-01
-9.557520378583648224e-01
-3.085325231247373345e-01
8.520475726987675191e-01
-5.664707770724749375e-02
-8.192117839647488076e-01
-2.124531496904589201e-01
1.898311502298091202e-01
2.181261618892389453e-01
6.021202225794257679e-01
3.193553374055952965e-01
7.007754296913949743e-02
-2.287517988759146803e-02
4.801506876223016196e-01
6.075913617618120544e-01
6.047125306776054421e-01
-3.398443620557523026e-01
7.541746707471382871e-01
1.010018843914186615e-01
-3.680627956748299123e-01
3.203790077809858250e-01
2.568262861092144855e-01
9.278976624339696500e-01
8.407610776980042333e-01
-8.406394358631478214e-01
-8.209769628474155034e-01
4.832860188070475793e-02
-1.627076212821154666e-01
2.966539417916302934e-01
-2.230317735673759127e-01
-8.310832899544957630e-01
-2.885251908212682626e-01
-4.109160071994184538e-01
-6.443051295507888909e-01
-9.164893683325421314e-01
-3.730201140924876979e-01
-6.547672731927776102e-01
8.116147163536295839e-01
2.703849147623902383e-01
-3.348047249863290720e-01
-6.025252873070388038e-01
-7.739899883324294905e-01
1.501854200345331680e-01
-1.000000000000000000e+00
2.033691954133169943e-01
3.865818804398735153e-03
-8.938501563791403370e-01
-4.193811754584519935e-01
9.305881086539754543e-01
5.857764039817268120e-01
4.789174244570429395e-01
1.103269727339215578e-01
-1.539754037558552502e-01
4.735849427010296875e-01
9.364824265874236442e-01
3.825338138293028489e-01
4.719586643500184309e-02
-1.657406147141468611e-01
-3.242860947953518647e-01
7.515753017148637527e-01
7.610685306115309023e-01
3.820810322019959071e-01
-4.696722638252426307e-02
1.506224892584029362e-01
2.334098926269041197e-01
9.582578168155260201e-01
7.879572530269561836e-01
7.626823293858384645e-01
5.583479537613738053e-01
3.887037408445170872e-01
2.061708661980297119e-01
9.317396143534366626e-01
-3.908074952009782388e-01
-1.432205049255941276e-01
4.850069865967919225e-01
-2.352784649662318095e-01
-2.862910432454173204e-01
5.363893396688972359e-01
-7.773976229380379355e-01
-6.757327383798956699e-01
8.925152253748756814e-02
1.706374725644419499e-01
2.333872555331609477e-01
3.741755504562429557e-01
-2.873931341101843007e-01
-4.365236041033768721e-01
-5.259446904776234888e-01
1.000000000000000000e+00
-9.606080484613354065e-01
-7.444458850777762038e-01
-6.853210067209632994e-01
4.936597882058156306e-01
3.465982420168567391e-01
7.792082158747756226e-01
2.698669353895852829e-01
-5.880589291544113806e-02
-8.077688057500709284e-02
-6.578104039048597862e-01
-2.429835871734147279e-01
4.045570727332556960e-01
-1.280664663122323965e-01
-7.068433151991486696e-01
-8.968475434606127950e-01
-4.793806559460811467e-01
6.529953651414155402e-01
5.734428636549282476e-01
-3.878537003548361284e-01
5.645306349763149489e-01
6.733628349894693610e-01
1.634417778395562681e-01
-6.712356157102976617e-01
4.379838602146683968e-01
-7.325607104331701702e-01
6.261489692421136066e-01
8.647681498175094905e-01
5.288656561032367698e-02
7.536039204665938573e-01
4.988537472881344748e-01
-9.834818471243191862e-01
-9.311646842639864641e-01
-6.491620449465844711e-01
9.744770161852329693e-01
9.127124988229819991e-01
6.419115282082465956e-01
3.278465767605102943e-02
5.277586331999459812e-01
-3.362587617889636338e-01
6.464825236645022066e-01
-5.366075901212630228e-01
2.939732837568656554e-01
1.000000000000000000e+00
9.083802924883761509e-01
2.456354731453771478e-01
3.042674070281341514e-01
-5.323329462040358173e-01
6.342906885884882495e-01
1.520886809331614131e-01
-6.272537670669944276e-01
-5.961244066791874241e-01
-7.904491777224031956e-01
-9.284438947397166686e-03
-8.076671560448152043e-01
-2.297596999510480575e-01
1.308205377863361218e-01
-6.981608505453067437e-01
-8.592714371739286205e-01
-1.637502161619356356e-01
6.158003465832679879e-01
-8.696314710338919340e-01
8.448036135450350814e-01
-7.038463354926010052e-01
-2.996355650170683393e-01
7.605304760275739540e-01
8.561844255621706701e-01
4.727338254901460868e-01
-7.145940984445835475e-01
2.926223678822270635e-01
-9.400124009445529616e-01
7.366804944960463342e-01
1.000000000000000000e+00
-1.000000000000000000e+00
-9.682165523032963961e-01
-5.935873878341357823e-02
7.296947036722976065e-01
9.605269117919015276e-01
5.544838640399286644e-01
-6.541774448425299315e-01
9.742778229110967692e-01
-9.822339830968072061e-01
-4.820494432184541100e-01
-7.644609827649451184e-02
5.035871585007080098e-01
6.329334666061969816e-01
8.191174176860820388e-01
2.212742173241193377e-01
-7.968099906250813991e-01
8.124117927799373584e-01
4.403019443080944395e-01
-2.508844537189847124e-02
2.723198594896638625e-01
9.456203800578988350e-01
-7.793211884142814405e-01
-2.363299386315383943e-01
5.622033259893807200e-01
-5.786406126470169387e-01
-9.874440136889830466e-01
4.773968359526551963e-01
6.133984279543922558e-01
-1.356332087798726993e-01
-8.057763115592766479e-01
6.745293389226481029e-01
9.003915396768813473e-01
5.350690151325721011e-02
4.730225769157708204e-01
6.498603000724622047e-01
-2.981807784585086551e-01
4.005935049312321361e-01
-3.807258564759116726e-01
2.261511018060291187e-02
8.175751073363848320e-01
-2.651997279262425788e-01
1.309177597337559673e-01
-1.616734644645640984e-01
-3.462891806344812196e-01
-8.931999440465883122e-01
-8.231122986416496978e-01
4.352641570685216177e-01
4.239032690934724235e-01
-5.038093383446316104e-02
-4.576144992660264865e-01
9.245564812662551146e-01
9.048311452521673459e-01
3.454162158820734962e-01
-4.019332575827490039e-01
7.149907309880387807e-01
-5.434745301270393902e-01
-7.156123478287730322e-01
4.160246699999561315e-01
-7.080036204177897474e-01
1.598912568810859636e-01
6.271805496263072044e-02
-5.953252306177168052e-01
7.403042012343252765e-01
-5.450740847316467574e-01
-2.259240753181139816e-01
-6.669172044006064226e-01
-2.868353630804736376e-01
-6.046465296134295730e-01
-8.218955892740021918e-01
-4.345052236805294621e-01
3.192826607293861585e-01
-2.462645998576935558e-01
4.616073209613704570e-02
7.368217133573302657e-01
-1.695516004641297869e-01
-7.842415225938013101e-01
8.472094861470811367e-01
4.316002835261833342e-02
1.968516866100442630e-01
