2.129227282763273832e-01
8.848163313559511689e-01
2.291314225804412796e-01
1.712921912321694329e-01
-4.861305157308513092e-01
1.721381380885607104e-01
-6.193378005737246728e-01
-5.425055319337728221e-01
6.389143547459346095e-01
-3.676450363368670704e-01
-2.596834529035336736e-01
3.994389759020418040e-01
-4.807179153996188337e-01
9.697766006635868408e-01
-7.792880762336640288e-02
-8.601187684332844974e-01
-9.069631729953171462e-01
7.866133742690550879e-01
-6.241256999906230618e-02
-3.348294649842920023e-02
2.632689736657165547e-01
-5.401780981634241030e-01
8.091952337534098483e-01
8.515670958419006009e-01
-7.052588134265607156e-01
-1.882987659617003651e-01
-5.202476448658077679e-01
-5.087946364629971630e-01
1.000000000000000000e+00
-1.059469537752202317e-01
-8.174521107776890894e-01
1.309943490606939598e-01
-2.599249261697365032e-01
-7.368801961960442792e-01
-8.349936285948325043e-01
-4.365807323873669432e-01
-8.513752806299514919e-01
7.860980231694001397e-01
-6.766477044166263610e-01
1.057492574085501236e-01
3.100569769157492939e-01
-5.246936836781823654e-01
-9.995459786052176554e-01
-7.627142474707955186e-03
8.828639314654385117e-03
-5.837222563756476745e-01
-5.605120619934436110e-01
-9.711378721401058289e-01
-8.984720669110037861e-01
2.105524220796282098e-01
7.958061715457651619e-01
8.515865895938956598e-02
7.254091726143641061e-01
-7.455603280277973699e-01
2.601862979124143216e-01
7.604051847579780254e-01
4.242247330443067455e-01
5.732021789859402805e-01
-7.878394813078024583e-01
4.547485341304979833e-01
-8.763931908151323391e-02
3.465525260734070301e-03
-2.049927064908019236e-01
5.539293821966586595e-01
7.435850875773188928e-01
-4.139022582089344482e-01
1.117262052362337776e-01
-8.428745451894954499e-01
-1.509810115524965468e-01
8.181267157464200412e-01
-3.150812055320599825e-01
8.220674798495610780e-01
2.291220728434899545e-01
-5.913002206092077273e-02
-8.131152918964068554e-01
-6.009805522656137544e-01
8.657235062081749533e-01
1.663688469990003416e-01
-3.698535051888645064e-01
1.457393004911539391e-01
9.749044416944749880e-01
6.334389649824665458e-01
5.010288395303026387e-01
-7.268718869963248785e-01
-1.521396007474604684e-01
-7.531125699987495370e-01
5.806177467955302429e-01
-5.815510313221334826e-01
3.683785045371319455e-01
-9.280812022524647098e-01
7.780811366487798697e-01
-2.737581818140006895e-01
1.932438089053383212e-01
-9.228184366401626093e-01
-3.243734002254572424e-02
-6.662515125341279543e-01
4.181593465986592761e-01
-8.057466536767015075e-01
-4.585663920328255649e-01
7.822021213863121769e-01
-6.948679365580878731e-02
9.511615053039272905e-01
5.817003176708506196e-01
-4.485523941685727323e-01
-1.655600038622697667e-01
6.423883914021877306e-01
1.150125434461253260e-01
2.413803300197505664e-01
-8.504304962452351457e-01
2.181799169824727436e-02
6.647489285732410824e-01
-5.148125753301798779e-01
-2.930871284621712203e-01
7.047361455622298543e-01
1.099737587759510582e-01
-2.892102700784329183e-01
-5.290091010097721647e-01
5.522298972849062348e-01
-3.794727479540127568e-02
8.502918108884487403e-01
-6.891273587776667320e-01
9.641545135057276728e-01
-3.801960316111423488e-01
8.788987945339064023e-01
-1.999866115006385670e-01
-3.243495885213243390e-02
4.932721361155776307e-01
6.054083313228164620e-02
-3.231495103630859234e-01
2.634656188097166396e-01
8.796644251700547201e-02
1.105540056319571640e-01
9.442274792834959296e-01
-3.529509211098282861e-01
5.973387546395455550e-01
6.839010177734452522e-01
1.435549275014713633e-01
-5.815061022871772511e-01
-2.849791054528691969e-01
-9.876756771298476067e-01
-4.939164480348796626e-01
2.462935530614149826e-01
-1.239225894026426550e-01
-7.812313435791942151e-01
-4.439937590731855011e-01
-1.356159467340956049e-02
1.733376208446910649e-01
8.716115744729677761e-01
-3.872979117265187288e-01
-9.477427190845142402e-01
5.728032739192898681e-01
-9.331937018584359755e-01
8.532627363056483061e-01
1.154290233713537450e-01
1.000000000000000000e+00
3.111412804278372857e-01
-3.082961214100135017e-01
-7.463457224092275855e-01
-5.608914697538343042e-01
-2.265384208098766283e-01
7.494583400404621898e-01
9.313439857411662803e-01
3.303881810093469706e-01
9.650626260817696256e-01
-5.090961164709111308e-01
5.244777516857819233e-01
3.751377426862312348e-02
7.792376109701915077e-02
-5.605948641505422714e-01
3.103373916773832786e-01
-3.023831342403204836e-02
6.032641900423396653e-01
3.378998531652219750e-01
1.165244371299356888e-02
8.561895500612377585e-01
3.593966050629155973e-01
-2.484266606284371015e-01
-6.646472908413025849e-02
-2.128725235905066793e-01
1.000000000000000000e+00
8.162236246871057421e-01
3.774647141739830847e-01
-4.374986510690268560e-01
-9.681158181184463807e-01
8.242738138923357827e-01
-9.773490957555086567e-01
7.207158036283576319e-01
7.019749314624834646e-01
-5.844524900485770225e-01
-2.069296061796486175e-01
-8.797375181455466819e-01
4.757718225607057150e-01
-9.857668648619366536e-01
-3.134777270197590671e-01
2.395642138015403599e-01
-5.064975927968773384e-02
-2.455410697682189891e-01
7.919689267358256402e-01
5.754104295556509985e-02
-8.917978088109534962e-01
-6.243038229544992657e-01
9.107563655381611945e-01
-5.534294373087322860e-02
9.913373113611272380e-01
1.043043555337406225e-01
9.135364033427846309e-01
7.278572113895824813e-01
-5.020319071890615437e-01
-2.985093583717013388e-03
7.775225006679724604e-01
-3.790886784324227765e-01
7.371261132564641549e-01
-2.808044767894748439e-01
1.313691391287168386e-01
2.434415432977365956e-01
-6.954355510009728736e-01
-8.186247785074820538e-01
-2.948927598265282946e-01
5.922409459678457111e-01
-8.202181544354065768e-01
-9.538414545380391463e-01
4.140657632443172087e-01
-1.312343126349211353e-01
5.199757486962022224e-01
-7.616537884631395805e-01
-9.469439002892585666e-01
8.191698140697876163e-01
-2.813994845166516434e-01
2.801474804339489921e-01
-5.950959254600467485e-01
1.021804200811031738e-01
5.758664844719529885e-01
7.303566772789453765e-01
6.395306374366180879e-01
4.284488252703986255e-01
-7.767882826930772033e-01
4.086323688907493867e-01
5.435189673522748954e-01
-2.058077993457361199e-01
7.747138648849063447e-01
-9.249561758902828945e-01
6.721635091165629738e-01
8.585099606265234051e-01
-9.322581100708937640e-03
8.811884864229770908e-01
-9.986194130753582865e-01
6.987148145644173081e-01
-3.628689977713244197e-01
-2.941709239349674654e-01
-7.880736006334758681e-01
6.969950799100805838e-01
-2.070343869080932819e-01
5.428221898200251694e-01
2.896760495866423923e-01
-7.845836480378307609e-01
-6.007083102593331336e-01
8.355782281390191635e-01
-7.275576963109140483e-01
-2.235620741215462726e-01
-5.149056332605606023e-02
-8.929553941855097321e-01
-8.606676507321648906e-01
-9.971627981539368246e-01
-1.940432475166742332e-01
3.466525848246220232e-01
