9.522099586134591398e-01
-9.764772851888618987e-01
7.939146353124202360e-01
9.586932183520315842e-01
1.248835929836644709e-01
-8.713525335404452843e-01
5.528819818901711258e-01
-1.869343472257962713e-01
-6.568993084973784313e-02
9.014793179340323537e-01
-8.314397313026102854e-01
-6.004329222789159815e-01
-4.988222705126998946e-02
-8.363850990531294105e-01
8.717389647632018956e-01
2.143798645017267468e-01
-8.135869219612590353e-01
7.433432352454805159e-01
-3.298343492258126730e-01
-8.641816365279497703e-03
-8.209343957650767631e-01
-9.133294432968117604e-01
5.236652965506571888e-03
7.859034459883995627e-01
-2.023172423558405875e-02
4.401647728569280105e-02
7.741307013813512050e-01
-4.324394192091898237e-01
-4.248884557877956603e-01
2.649626608661548310e-01
-6.172494065731257695e-01
-7.041452543175277246e-01
8.840133191158323633e-01
-7.249926205966485959e-01
4.255913886748341479e-01
-4.361631966849106590e-01
-8.240184882864187710e-01
-3.094623882377836033e-01
6.157235171689401376e-02
-3.917487580040264206e-01
-1.227386827933893976e-01
-4.644875870763744974e-01
-2.924441444242331656e-02
-2.678183922690804408e-01
-9.205598524241436209e-01
-4.172501032360049766e-01
7.944872185672138265e-01
4.609547583075206401e-01
6.443792964139565260e-01
-6.481154901520835843e-02
9.006387149707695272e-02
5.757846457224395920e-01
-3.574481466483852010e-01
-1.401127190740363293e-01
-1.933079729838225180e-01
-3.999920036842883331e-01
-2.660106096291923183e-01
-4.573692512898170914e-01
-2.680507493423796017e-01
6.944599535431426052e-01
-2.280754377200884253e-01
-1.363877125201551355e-01
7.307588845344039630e-01
4.796348502900269484e-01
2.985264299658580978e-01
3.863149708716240305e-01
-2.954193261690714056e-01
-4.446597500001250314e-01
-4.276198838587164097e-01
-5.171254907531022127e-01
-1.953087042399890283e-01
8.239408860316208560e-01
8.626906928293973653e-01
5.645703674919313464e-01
5.544697335292774198e-01
-6.131600877374097092e-01
4.182091907784093454e-01
8.258235759978296286e-01
8.584324907935190208e-01
-7.180555146004650169e-01
2.451373614078053986e-01
-4.218972638961160371e-02
5.508443984896109757e-01
3.833581446488212308e-01
-4.660617354832670145e-01
2.249803407903230301e-01
-6.211109840366653145e-01
-2.459618613516090235e-02
-1.131441468844942566e-01
8.694047978697070356e-01
2.349757509226395591e-01
-7.521661309953171504e-01
7.591501209734756728e-01
8.976098369621023920e-01
1.586609150402988888e-01
3.202517050373261398e-01
4.838736173961042386e-01
1.324128783577882551e-02
-4.252560461722851848e-01
-8.324333452235659347e-01
-5.786454806679910412e-01
-7.018966537055399968e-01
8.917764274539856650e-01
6.996003662308891702e-01
2.165780388735465412e-01
-8.924295323430246896e-01
-9.070274703415199813e-01
-4.247385693695973075e-01
4.333698859599226516e-01
-4.127778981861094376e-01
2.217688049113928361e-01
-2.934163090180899047e-01
-8.949657458568247570e-01
-7.587689370808292644e-01
-5.044220239030845487e-01
-9.281504010039183239e-01
-6.633218423568238986e-01
8.817512915699134979e-01
-5.370951577526454912e-01
5.879483738332769160e-01
6.314608290434511328e-01
-7.182210841628868803e-01
-7.259004884605082530e-01
9.387587061632205465e-01
1.695540057802609191e-01
-9.818678482434133326e-01
-3.856552970836704120e-01
-3.745021904577106042e-01
-7.775442428996401922e-01
-4.473876985391140870e-01
-3.255445951208233435e-01
7.520563310811738678e-01
6.251704634751684697e-01
7.815024640595313876e-01
3.060845379912260356e-01
-7.832344166687299492e-01
-6.812802388393270903e-01
7.648122389202582916e-01
-3.293716873200784878e-01
7.621830315743518547e-01
-6.055911215112470547e-01
-4.020656555332218218e-01
-1.594229328333769402e-01
-8.803902808456394169e-01
-7.590529789639570701e-01
-1.734012226912389210e-01
-6.111249690171973725e-01
-3.493689109706419327e-01
8.609958826853751912e-01
7.880672847083247667e-02
8.558247434409040899e-01
4.078787604821494384e-01
5.553049743746882871e-01
-9.315643306048821959e-01
1.735008497700121222e-01
-5.851163781841219880e-01
6.030722510700154970e-01
2.830930659299379926e-02
-3.169745157123817769e-01
-3.376530578132361793e-01
-3.901662087309292204e-01
-7.567358684524772006e-01
4.993512381445188719e-01
-5.650062393635222335e-01
7.642190920501590323e-01
3.443379808992077518e-01
-7.256719514032106133e-01
-3.364402152958079206e-01
-6.391991835573695990e-01
1.553789070107161052e-01
-1.091789902757289710e-01
-3.640352858717275097e-01
-1.896587575816530702e-01
-3.515735514206341783e-01
1.263222163655495223e-01
-3.173267124835930098e-01
2.952323203407960506e-01
-7.375366581384188436e-01
7.893890266955616575e-01
-7.208622741111581078e-01
-7.148494040913684344e-01
8.903367324816184869e-01
-9.942648166454257641e-01
5.618266204455824031e-01
-3.684225377753651554e-01
5.178613925954815844e-01
9.908038627696391654e-01
-3.724591438110611552e-01
2.616173324071642270e-01
2.158723237111341842e-01
-3.064907150640407973e-01
-4.028837085560939002e-01
3.813611587286536153e-01
1.281176650482871437e-01
-6.483597072301849895e-01
4.085847964071247507e-01
4.027860339424300662e-01
-8.503332581429801085e-01
-1.221253098822856487e-01
2.975709888435249528e-01
7.045172935816179649e-01
-4.050841250515759828e-01
2.789293834223087742e-01
-7.796537124923528239e-01
-3.822633368331833648e-01
-4.312442219070757865e-01
-4.236350154907144727e-01
-2.064524757153041179e-01
-6.152192942694636457e-01
-1.594390422190428147e-01
-9.559229849751260666e-01
3.865394673990405483e-01
-4.890597999243360139e-01
5.724662027890692340e-01
-2.424817301223824995e-01
-2.438421405767530192e-01
6.254834857370161760e-01
6.062159288028585724e-01
-9.088293321472453723e-01
5.275831354929838568e-01
3.516570788222161958e-02
8.491697844512022808e-01
-1.236015954323066435e-01
-7.961596538543476154e-01
6.606692544506020948e-01
-2.604907141749104316e-01
-6.909381458354193484e-01
8.315578638994907124e-01
7.848483926008604783e-01
6.937627310775815737e-01
-7.623243992717867457e-01
6.900453780643998059e-01
-6.437497322919820686e-01
-8.386853346943978771e-02
-3.082516702979574141e-01
-9.906537027377737559e-01
9.769449406845416295e-01
8.607979054711649702e-01
3.669405608462132928e-01
2.602046159314523877e-01
2.371521810950927289e-01
9.472110890725324861e-01
-6.201765992769128211e-01
4.552066408282366972e-01
2.005136935255147357e-02
-1.791945710570916894e-01
6.624118135907173244e-01
3.411109648956154317e-01
6.735796427646068008e-01
9.007331928827253531e-01
-6.127223301987021475e-01
7.454942148479104524e-01
-5.023442877401613771e-01
-9.098682393511987598e-01
-8.855850689347952720e-01
6.148790648087887334e-01
-6.353963719186483949e-02
3.916851013313487062e-01
9.634929750854561714e-01
8.152833334408773336e-01
-1.019315331922840961e-01
2.287117773451285974e-01
2.460311740292304705e-01
6.259866363179418247e-01
-8.851808862753738349e-01
