-3.875293663407648470e-01
-5.199231077876007578e-01
1.486013697525105925e-01
-6.958155427781416158e-01
-5.370808277591609947e-01
-9.434966592258002827e-01
-8.604447165314743629e-01
-2.996676111713914015e-01
-1.053199328115352884e-01
2.034243720629071994e-01
7.189501657965315928e-01
3.606425536077146887e-01
1.744241008215237088e-01
4.792139320093302679e-01
7.423681441911640366e-01
-4.218827901735220376e-01
-5.266535022584866166e-01
-5.115724466839850493e-01
2.050525767025026536e-01
-9.997771964898574115e-01
2.928253359799157796e-01
7.209889102862865329e-02
6.813581292501105224e-01
3.759547448146884907e-01
8.795877800723905793e-01
-7.867961060922645800e-01
-5.179255824486190818e-01
-9.489667517882878212e-01
-6.087040408903490185e-01
-3.210777271026223900e-01
-7.769425257330584422e-01
7.692388829405978345e-01
7.365736783769820661e-01
8.813087799299172964e-01
-6.144718653038048206e-01
6.187517786334457703e-01
8.504424603252038750e-01
1.313721778548733177e-01
-3.344700073165536303e-01
9.453179424156390454e-01
4.048011416392194306e-01
6.293927842480064871e-01
-3.779786173970058893e-01
-7.832165348154818130e-01
-4.277834380926675006e-01
2.291262701979068783e-01
-2.859417113154043566e-01
-3.456602517784399531e-01
-3.916225861888491533e-01
6.788577028380065048e-01
2.200422244618516210e-02
6.251719495211149891e-01
-8.534377651285462996e-02
-6.364165933388934437e-01
-2.118261070353628650e-01
-7.061840958962852799e-01
-1.543550383425928985e-01
-5.106200612297786545e-01
-8.594060302116124372e-01
-2.801329366778764207e-01
-9.983590749615862681e-01
4.871843080527376024e-01
9.859107959479991301e-01
6.095792415364309491e-01
8.666884668412471182e-01
4.884302269427982512e-01
4.509082935029153916e-01
-6.798730769823282394e-01
1.613772122330425773e-01
6.471962747121238202e-01
9.824323821051508254e-01
-3.097592225795708920e-02
1.114448411047790355e-01
-5.111664710841175019e-01
-3.639605810369541672e-01
9.190247285074635286e-01
-3.120722670777498209e-02
2.679575859527205672e-02
1.800669565229455760e-01
8.937259802460675306e-01
-4.517484741484787403e-01
9.152471718652137600e-01
9.216512855351781663e-01
5.664787482232731541e-01
-9.323965308815251873e-02
-4.552898993355465329e-01
7.437314515051065555e-01
-7.865687743827127765e-01
5.909541948641727771e-01
3.236380648586523190e-01
-7.631535520330239297e-01
4.882554416303741540e-02
-2.759166932670022998e-01
-7.707715814978000068e-01
-2.335889270773527926e-01
2.669924097944440522e-01
1.813749435051461578e-01
-8.234560249907245666e-01
5.737602168846704931e-01
2.531777202816212213e-01
-1.237083730239540991e-01
-6.769892349083153071e-01
-7.734723978093389629e-01
-2.328302110064677244e-01
-7.967285849490401972e-02
-2.176463111979713982e-01
6.616239903109344400e-01
-6.906605594171846274e-01
-9.453791377573839139e-01
-8.861219269095779172e-01
-4.316268330092978278e-01
5.899008961738609891e-01
-7.612319063121730789e-01
9.832715458821368326e-01
-4.361489084758538581e-01
-2.123580227511205898e-01
-9.902659105451594446e-01
-5.781520938014848010e-01
9.940276909450322940e-01
2.929684813009358901e-01
-3.346235960974113244e-01
-5.194728245497699515e-01
-8.473893810166972518e-01
2.088444915254854539e-01
1.750317249309198964e-01
-2.533331575682431502e-01
-3.893474367975680028e-01
-6.861631183137284484e-01
-5.365530656003976162e-01
7.923861741546101012e-01
-6.265772032372241007e-01
-1.220884528303527450e-01
-7.432775306254240100e-01
-7.481599287836850909e-01
6.333271934149282689e-01
-2.117841668154822887e-01
3.081973739465520001e-01
1.284401210920367298e-01
-5.543855540556608119e-02
-5.769374178169361933e-01
-3.305288104860470977e-01
-2.589142804589488200e-01
-4.285793033483482617e-01
9.144376763375043904e-01
8.619655739517311233e-01
-1.398095655058271269e-01
-8.908154973744952798e-02
-1.579971334481709011e-01
-9.859438228776138402e-01
-8.254693986565271313e-01
4.345388841394974833e-01
5.936017783554925487e-01
-4.917954923202905171e-02
6.766655999291513179e-01
9.963295869714177133e-01
-1.184390555619936336e-01
7.106473863200806207e-01
-3.320890037113151116e-01
3.137161355808908425e-01
2.026007955082336220e-01
5.326644620559983778e-01
5.226959088203437798e-01
5.483562786422355728e-01
-2.680060983416252540e-01
8.877415141697362344e-01
1.388749159450020088e-01
4.468195098803640075e-01
-7.400788072454973499e-01
9.311779462919533845e-01
-6.688603582237031553e-01
3.490193233155449715e-01
7.392210658186115779e-02
-7.165556281712563980e-01
-4.312444048807746455e-01
-3.654420299067178135e-01
8.353734983236755784e-01
8.735381992340054413e-01
-1.415213965692028175e-01
-2.808260253155328012e-01
-3.823449352065386719e-01
2.452549457426935753e-01
8.389278266037081266e-03
-1.663328476237391218e-01
1.615203432442264830e-01
-7.367268303954674913e-01
-7.175024142149433182e-01
-2.829859906486209553e-02
4.032915706241277931e-01
-5.602902514533483203e-01
1.328944888161198712e-02
-8.916688527321241509e-01
1.383232103236682331e-01
-6.329524951399787547e-01
2.211810335954744744e-04
-6.554406009073436845e-01
-2.350620182273017722e-01
-9.248620762911210491e-01
2.813219664928077179e-01
6.598797273739120950e-01
6.613422933916803803e-01
-3.675110593316324170e-01
-2.732045461737593328e-01
2.090651850169420456e-01
-2.790068605090365583e-01
4.738623762819484941e-01
8.730388274764269152e-01
2.199280837227695073e-01
-7.400014307028772720e-01
5.646672157993495311e-01
-1.089972841329991393e-01
-7.459329971527166592e-01
1.141413820126579992e-01
2.411684233940312172e-01
5.465506443208527632e-01
9.737576921059758472e-01
-1.877768963685144676e-01
2.224269030397927338e-01
-1.370428548783746425e-01
4.587717742767269957e-01
-5.634525804950307748e-01
-3.487159447632000031e-01
-9.988544846037139546e-01
-6.571463804326622693e-01
6.951956771516785150e-01
4.493034532443609397e-01
4.554895964065375225e-02
-4.413120007865960481e-01
1.983406774820426488e-01
8.303946857098964962e-01
9.577993855116144761e-01
3.187747675992482765e-01
-4.578187710122150200e-01
9.898031108238505293e-01
-4.057861868528509497e-01
4.007562565483069328e-02
-2.810529930316496561e-01
-1.677579401747195664e-01
8.229219176117448242e-01
7.929993470159648616e-01
1.633256423909792421e-01
-1.649204110908297771e-01
1.678042036456790509e-01
6.941808379459046829e-01
9.470055409672140101e-02
-1.305355154820624364e-01
3.746751747307097702e-01
-5.348306899017123417e-01
-6.836811291199116347e-01
-6.826963906553116246e-01
6.907146248839368674e-01
4.244951202394444678e-01
5.730222060454113198e-01
-8.659361307435020638e-01
6.828263884267966599e-01
5.501590505914810691e-02
7.760226637781584280e-01
9.613423045566216185e-01
-5.111629795738605875e-01
3.914802286295706590e-01
-9.709378455582877709e-01
6.292681089247511572e-01
3.621294377158879030e-02
7.673312998743202495e-01
9.333604496385408122e-01
5.391081860930508896e-01
