2.472804804662460665e-01
-7.822144241222466210e-01
-6.906925401391958985e-01
5.693931476463198749e-01
5.253769350376988889e-01
-6.686445545272898805e-01
-4.892059181344738938e-01
1.689132895520351063e-02
5.643333231304641373e-01
3.134287530748514072e-01
-4.577988647613295270e-01
5.261045630973266718e-01
5.369601559708458982e-01
8.621994296819832648e-01
-1.617947894702080891e-01
-5.191772072314542186e-01
-2.969526350208020471e-01
6.367199833790682106e-01
2.556824743129133548e-01
-7.528912784388985813e-02
7.592606700701245437e-01
1.724196813833835940e-01
-7.431107042572506760e-01
-8.331741028716068698e-01
-7.853019732388279994e-01
9.069131920737594221e-01
3.511453196237620533e-01
4.966378484074325250e-01
4.474627716228336549e-01
-6.091137139412630130e-01
-1.943476798877830092e-01
-5.027636175279126540e-02
7.669788943649618052e-01
9.483120512100156052e-01
-6.376398912982350620e-01
-2.294626317893475598e-01
-6.944503965816690716e-01
-7.717136685243191074e-01
-2.583438931800816629e-01
-1.508752370974990598e-01
2.927474691116667138e-01
3.622634634675097054e-01
9.053723080450604144e-02
-6.343051248250852758e-01
-6.202954721879445632e-01
3.840227919126202316e-01
3.030352935706601691e-01
-2.728400903524870191e-01
-5.732545406633102747e-01
6.542869134952893351e-01
-6.039476179813818568e-01
-8.896472299973259279e-01
-1.258506295998027547e-01
-2.997349193743341633e-01
4.433494198421032984e-01
-3.567888917499493218e-01
4.225008638377087955e-01
9.860902746003301633e-01
-6.118550100425859117e-01
2.139152678278559705e-01
-6.366739692445353427e-01
-8.476243366395634915e-01
-6.020596447978299182e-02
6.661722317841782814e-01
9.905504598117289561e-01
-6.494060391918421438e-02
8.247426087520450810e-01
1.000000000000000000e+00
8.367988435433371119e-01
-5.022483435478637404e-01
-7.179762631622892410e-01
4.791493773151827007e-01
-8.678345043165931472e-01
7.018515155847671050e-01
-6.381632624501829554e-01
-7.806385637006278966e-01
6.600481571001031167e-01
4.743694291706448407e-01
3.530528538765931312e-01
4.491577952907506166e-01
-4.796002770410887073e-02
3.162695624864610977e-01
7.141526943324960630e-01
5.958007120039385818e-01
9.664223206086817175e-01
-6.225302829862529030e-01
5.148860609296979085e-01
6.145622296071586721e-01
-5.162140508990904486e-01
-2.970220731215173493e-01
8.560228012025681288e-01
7.744827930490436607e-01
-2.808610346759499166e-03
4.483794685534621127e-01
-2.503665647137207628e-01
1.370168425486475439e-01
-9.085143205229142538e-01
9.353157457256946472e-01
-7.706550488203303129e-01
-2.870909817093278971e-01
1.366526903974945029e-01
2.667755719841181650e-01
-5.129643232410658893e-01
3.295055385209963994e-01
-2.356040442297195892e-01
-4.961024502057709284e-02
-6.070301159813817904e-02
-3.699019168591672901e-01
4.696135214773815569e-01
6.330486293571415679e-01
-4.830941700782345194e-01
3.908808680960508264e-01
7.347370447563916773e-01
1.000000000000000000e+00
1.720107328405739988e-01
8.739113790332764253e-01
-9.865293737028826282e-01
8.573672339958595678e-01
-7.424589369997092181e-01
-1.390930234303138224e-01
-3.409927738749740644e-01
-8.341127247239927822e-01
4.516867060021523272e-03
-4.429722891310687860e-01
6.146794010551595022e-01
-9.536453539404909918e-02
4.138177965041074380e-01
5.677093839684324017e-01
-3.470838335732429059e-02
-5.066094404311465293e-01
-1.860574885700285730e-01
-3.159142032981288040e-02
-2.855741547400416636e-01
-5.340833246365384035e-02
-1.611004947043008784e-01
8.456788867903615170e-01
-6.768408731763662090e-01
-6.205697472625366640e-01
4.277952875609902783e-02
7.604997525700085692e-01
-1.812083637236285849e-01
1.207295634651064375e-01
-7.023965689150413194e-01
-5.072787258996958037e-01
8.398625935868595516e-01
3.435963697326211985e-01
3.865000465670243024e-02
5.399625741432858561e-01
-4.785844128764507044e-01
-2.289423141331305978e-01
6.471336695898797231e-01
7.703439974193830864e-01
8.745229881115232917e-01
-7.999613062785679851e-01
7.693039156511285448e-01
7.931959083319268800e-01
-4.579504635339155527e-01
8.438506116482202835e-02
3.932696970206712717e-01
-3.838986003194138075e-01
-3.469814805335120766e-01
9.100362353449757968e-01
-9.268327151246418261e-01
-6.289336472158635338e-01
-1.330878429991202427e-01
-5.797901172294095407e-01
3.510334708887865585e-01
-4.172396592370286594e-01
-5.858242648949947284e-01
2.759835605188276642e-01
-8.475939223341562023e-01
-1.014353058850960831e-01
-3.841697605076259681e-01
-7.130238205797145845e-02
-2.537387295128715192e-01
5.442664794124483230e-01
3.056574358394972268e-01
-9.376215207521085837e-01
-1.584869720398396353e-03
7.677031611706042202e-01
-4.670040632789373980e-01
2.308849301506727958e-01
8.238266694059990236e-01
7.298495068423765941e-01
3.341716166945940536e-02
-2.193500996793726898e-01
6.910783681990304572e-01
-3.152840508457070978e-01
-4.670744951073895201e-01
7.597941913236923028e-01
-2.288574371681835196e-01
6.042568595170185741e-01
-9.440052122890061348e-01
-2.011046778079536301e-01
-4.846198181054328646e-01
-8.999160024152441650e-01
-3.338622762010268197e-01
4.213474073526122243e-01
-6.970058412295774275e-01
7.717130517606920481e-01
-9.027266562606626188e-01
-1.623057454681922085e-01
1.000000000000000000e+00
8.797399402055137152e-01
8.553328972085770809e-01
6.561743861541202705e-02
-6.749538700874491148e-01
-8.052464052341090639e-01
-7.309326874207926483e-01
8.814750654854455192e-01
9.056599587812019791e-03
-5.562792514576473391e-01
2.534223012510046225e-01
-2.014094083288009429e-02
1.920826474893517766e-01
-7.633334490418637319e-01
6.856755531600513542e-01
-4.622436294010288105e-01
7.227734006587827054e-02
-5.890505448735128269e-02
8.646055123675434884e-02
-5.929932930614436604e-01
-3.883079355773677577e-02
4.583917167198325870e-02
7.379367742183433609e-01
-8.877539010200732328e-01
-7.887423202292815905e-01
2.549634554417740118e-01
1.174557416050525660e-01
-5.952523209209734656e-01
-4.437860239232989112e-01
3.767298594800254641e-01
5.908682526349271491e-01
5.002233424456252742e-01
5.206472255719891695e-01
-6.688376255793810898e-01
3.977461518412590546e-01
-1.675541071625237244e-01
5.919356826933399596e-01
-7.293510999344350321e-01
-7.015264667698963841e-01
-4.708369427605036961e-01
-2.538613446927594497e-01
6.417739330268905640e-01
-3.781356384064964438e-01
-6.833831486908037434e-02
-5.123277902108576143e-01
4.018983815932406500e-01
-1.366844897066772369e-01
7.923227010311895135e-02
-6.342080390175821591e-01
-1.691219171284359668e-01
5.407863550412010945e-01
-3.259485311520182726e-02
-3.962745850968467654e-01
-4.102755794540815515e-01
4.379585070842584305e-01
-4.179379193150418725e-01
-4.945803256288316962e-01
-6.622078859559670239e-01
-1.168992926015433031e-01
6.034421203578903548e-01
5.878661127651396701e-01
-7.090194256748394430e-02
3.181428797332788161e-01
