-3.958931080141988579e-01
-6.937318145330602093e-01
4.304974765007942850e-01
6.122516474752939253e-01
9.386524882303979300e-01
-1.162216891028819976e-01
-5.900754428648391503e-01
1.000000000000000000e+00
-1.583064738248602943e-01
-4.253290124483719570e-01
-4.861403582376890853e-01
2.657703074055501880e-01
-9.928671465242646654e-01
9.574192107928307660e-01
-6.466624457782572666e-01
9.808463067226973475e-01
-8.858918123173387116e-02
-2.235913429740679081e-01
1.244101723795218994e-01
2.130512312279188025e-01
3.904800438046052147e-01
4.023621771627272636e-02
6.568448136266402670e-01
-4.955272112743640545e-01
3.913553743707003374e-01
5.958038236066638405e-01
7.464333687746653734e-01
-8.305922942055772307e-01
5.677642529457989085e-01
3.669583200869127454e-02
-5.378030026679336828e-02
-1.052821627972153617e-01
9.770469270278647755e-01
-5.503637039737625525e-01
6.393721092788460236e-01
3.838034714146276727e-01
3.460498781095235898e-01
1.504685684630415743e-01
-8.761776649551835661e-01
3.311919179414579695e-01
-7.127524519318475527e-01
9.469285495474932812e-01
9.199059697105131939e-01
9.314540754422457880e-01
8.011316073345520206e-01
-3.375873150973571768e-01
-5.694048932627864268e-01
-5.489597330327631308e-01
-4.564010137267686673e-01
-1.010909496404441832e-01
9.038660933530289210e-01
4.794408313523546017e-01
1.488416176629291932e-01
-8.918132938132075083e-01
9.347681150647983994e-01
-4.921837566417015530e-01
-9.470310799433618865e-01
-5.326344358337908869e-01
2.062256964183137864e-01
2.278186692694271209e-01
-8.818406328269194905e-01
-6.211510432337337129e-01
4.574574259851147406e-01
-9.800589876559471225e-01
-1.848092528539024837e-01
5.795546315593829156e-01
6.038230094077652321e-01
-6.173577986845324439e-01
-5.106392419505967339e-02
-2.789580966290692299e-01
-6.621570024132621413e-01
-7.996141164344328089e-02
6.268349775667199086e-01
-1.402254046857874248e-01
-4.711787787682790163e-01
3.791872971263945402e-01
-2.306253290975071035e-01
7.821126080550713233e-01
7.129819429456119018e-01
-6.605103989986522706e-01
-8.909109421647931626e-01
2.346991323089833159e-01
-3.126066110516132479e-01
6.022298266563506086e-01
-5.957628114283290977e-01
2.238669025086672537e-01
6.223988641015889556e-01
-8.674630847216115159e-02
9.374285055366260444e-02
7.767749648785515770e-01
-8.732312051802244568e-01
-2.475295963221770812e-01
-2.351337365136989543e-01
-3.867635652952694514e-01
6.522789600937848320e-01
2.621407024563990884e-01
4.958479930208498088e-01
2.582141940631461630e-01
-1.911109566988837827e-01
6.598774666268634181e-01
6.433298687644681824e-01
4.677695549296918553e-01
-6.725082087410723108e-01
-4.018363398490432115e-01
-8.927371519316185111e-01
4.451089328661081979e-01
1.322331747216615727e-01
-5.695358799799343785e-01
-5.954183944204787249e-01
-6.089855856545238755e-01
-1.984035276613598242e-01
1.028412482645599813e-01
-6.441831382303127018e-01
2.269701894431810640e-01
3.712728703623644488e-01
-1.547466339719107964e-01
-1.750577238728969753e-01
5.870783580995642126e-02
3.271631081295744981e-01
-7.270148024851705859e-01
5.688250123197875485e-01
-5.970995601543733766e-01
7.567451075001627725e-01
7.474364229590204634e-01
9.331418801095372473e-01
9.726626893756118442e-02
2.488648109168736244e-01
-6.228524857386141811e-01
2.684594201545049685e-01
-1.075323417717164443e-01
-2.577564357525865546e-01
1.833762301437940057e-01
1.337700610771646037e-01
-7.152781251484221503e-01
7.728657751646375029e-01
-6.927376874891828518e-01
4.203786415508992125e-01
8.812579955561226086e-01
5.901034928114552436e-01
-9.913903390528528980e-01
3.378025843344425461e-01
-5.251332449512852163e-01
8.363668247064433292e-02
-7.661415500350354790e-01
-9.040594227636555846e-01
-5.393322670989063594e-01
-3.926801890403537332e-01
6.036341116148431496e-01
-3.733772720695163194e-01
-5.277892317894083973e-02
3.825058467451547539e-01
2.541200368065136828e-01
-9.434597913498976585e-01
-6.185541409321124728e-01
1.960062040361900682e-01
9.212224861755968774e-01
5.287969249344959266e-02
3.760155281117822934e-01
7.624835973863329786e-01
2.851828335965325145e-01
1.492565874407005833e-01
8.588617858019886864e-01
-2.292732819236904529e-01
2.317632163858296401e-02
-5.703484768707285379e-01
-8.795188392991371007e-01
-5.588913268249127153e-01
6.550883390060222577e-01
-5.379414327065055179e-01
-3.736661649453330014e-01
1.439576825833275286e-01
5.987326229978098269e-01
2.483203405882457027e-01
-5.816785391025627305e-01
-2.402720679696800921e-01
5.546425539642156899e-01
-2.804761988021842178e-01
-3.117288095760366029e-01
4.155793128984166529e-01
-3.651337177220008723e-01
-7.921713246687098753e-01
1.403000641832452544e-01
3.101357643903714933e-01
1.085645809227209213e-02
2.727078829884441724e-01
-1.205758745506698287e-01
3.193442604481089298e-01
3.075554221305643043e-01
-2.877184619201740290e-01
6.700461222522693383e-01
4.843020739041983269e-01
-6.125297992152021198e-01
2.002864226859735197e-01
5.693818532792369602e-01
6.837690480523843650e-01
5.535127212237820338e-01
-7.286988798916571586e-01
-3.176052736169348023e-01
5.361920460430913415e-02
5.350010092382462279e-01
1.146718642995745441e-01
-1.819511215705507112e-01
7.265905346016849897e-01
1.861825821993008390e-01
9.002579342328105305e-01
5.212805943002516429e-01
9.113064755824804575e-01
4.063106665443090293e-01
9.643394437249579454e-01
7.790113773320104240e-01
-8.772368173442288697e-01
-3.075649273730622912e-01
8.948553999170776319e-01
6.204911035247422380e-01
-3.308054920957002043e-01
7.482792194170873046e-02
6.303750818938551603e-01
-1.374841323921756064e-01
-6.415172147739221786e-02
-3.333725639419218290e-01
4.900607657329421052e-01
9.399251372673971261e-01
-2.339578015515339504e-01
4.702814631602671991e-01
-9.212332003674017500e-02
1.869414744663495664e-01
-9.035174152426210803e-01
4.947059490157834638e-01
-4.879125883727586377e-01
3.521256982489593401e-01
-8.536438204588283618e-01
6.269592753568333787e-01
-2.266352725987743622e-01
9.879721825163473303e-02
-2.488079092269408488e-01
-7.976791683038584324e-01
-5.520168610141731325e-01
3.962654155931004674e-01
7.378983256762883247e-01
2.997590284318598641e-01
9.957079655689202724e-01
-2.872043177681721238e-01
1.159548570942958712e-02
8.726245175201876592e-01
-4.076246993222607529e-01
-9.666602062055411615e-01
6.250256282026795951e-01
2.770537430292145942e-01
4.691002715929390998e-01
-9.504033134546061579e-01
-9.440383009143489268e-01
-2.437369652536731657e-01
7.359018388990010706e-01
1.643584618045970114e-01
7.337733038581333300e-01
-3.674131223705334737e-01
-4.273838837095922383e-01
7.790548453544250407e-01
1.633245106815617298e-02
7.988414430556067813e-01
5.083603765715061229e-01
-8.154970263753227311e-01
4.018402637746321115e-01
4.702479904238083819e-01
3.523574698267915029e-01
