-6.334758913645845979e-01
-7.129898548054198759e-01
5.282115744804194435e-03
3.793312860062199032e-01
8.023316883068842831e-01
-8.246465777950093834e-01
-6.799210635868249142e-01
-2.999597097605937179e-01
6.085731796914477520e-01
1.680911567249211980e-01
4.134398645202784217e-01
-6.642505806478181674e-01
5.691384650593229733e-01
7.273986892457084963e-02
6.432368392744421959e-01
2.734361683644861429e-01
-1.340930730740466092e-01
2.370858207656945105e-01
-3.499696406247381208e-01
7.484651641987820625e-01
-1.393940838055747825e-02
-4.942092286918886579e-02
8.434422269047252563e-01
-7.274231589964461620e-01
8.706493053341590738e-01
-5.291196530760560179e-01
-6.969227014179888435e-01
-8.443954099499799693e-01
-2.016929711694825933e-01
-1.943005963857642460e-01
3.186111447358941362e-02
-8.107615736944424611e-01
-7.023665812609276582e-01
4.139462715382387081e-01
-3.306898725559770380e-01
7.671696999655885918e-02
6.257698529255371067e-01
8.006931275129065551e-01
-2.757852251419339318e-01
-1.150485920050619004e-01
-1.523694567225498120e-01
-8.876374839851008947e-01
2.096021467669276495e-01
6.236822194835112132e-01
2.909910750374551380e-01
4.838459539929134134e-01
-1.207059136890356044e-01
-9.352865408274018133e-01
-1.085046727143370582e-01
1.384771082546181198e-01
8.278713473945134016e-01
-5.786146979992468076e-01
4.030750445549071137e-01
6.165590161788325752e-01
8.926196503623879952e-01
-3.367150080075440588e-01
2.239784821518807090e-01
-1.837145969175284499e-01
-4.747642190232683745e-01
6.690766774835821273e-02
2.994722482532974350e-01
3.958218425423569720e-01
-1.428342141592746639e-01
-6.573438289137967239e-01
4.868849635589715952e-01
4.100584666482136598e-01
-3.667938632214085004e-02
-7.867034439282419855e-01
4.018852844261411317e-01
-7.909428298578722316e-01
-3.820521530543096733e-01
-6.844337555581163635e-01
9.384436127314241816e-01
8.355878299498709083e-02
-8.280223281914751432e-01
-3.533353857746281967e-01
-7.931288867482287896e-01
1.765088129972918196e-01
1.647200700171065346e-01
8.987562217043509882e-02
4.009184030804195942e-01
9.122468946471553597e-01
1.633430052094953788e-01
1.361624639135852188e-01
-9.924267755758484633e-01
-4.360381158396618995e-01
-7.295590850791477955e-02
3.120653760321663306e-01
4.910323675214067762e-02
-7.291748301582563485e-01
9.480431163570535169e-01
-5.902443765932108288e-01
-9.581901739321503353e-01
-2.779277309270369867e-02
-2.220912752705923587e-01
3.175914603607831593e-02
6.010434688724888286e-01
-7.038877499071827248e-01
4.416309646526820343e-01
9.210263634131101718e-01
-7.197355504254816516e-01
2.877930773625680949e-01
1.595950142357351886e-01
-2.731189773544305255e-01
5.334741474820619000e-01
1.701221808353683418e-01
-1.000000000000000000e+00
-5.285209517014468616e-01
-7.644921836810871785e-01
-6.827158243421643791e-01
7.773306322657580480e-01
-7.777309896959099245e-01
-9.666915257259832694e-01
1.000000000000000000e+00
-3.418795525489981557e-01
7.779009170874799928e-01
-1.200051122393102077e-01
-9.089744056091422220e-01
-3.886045158693114399e-01
2.460183899525827389e-01
4.477876649194711955e-01
5.957945943665881039e-01
-8.287597369781782852e-01
-7.279815243671796665e-01
-3.854572022795763608e-01
7.501672787355841976e-01
-6.540539599386474556e-02
-4.678689904619390827e-01
-7.038462167211940734e-01
-9.926043325298339326e-03
5.214977695698275184e-01
-4.167485479180521590e-01
3.758466677351801621e-01
9.925376571463653264e-01
5.518866295465190142e-01
-2.083967340805533142e-01
-9.584981065364619468e-01
1.888349822600883243e-01
9.817612790882246365e-02
-5.761331680038954683e-01
-7.816941310755520789e-01
-6.586472432084360396e-01
3.937093417449232802e-01
-5.128512450807498624e-02
6.018757798012803750e-01
-5.574718914022926963e-01
-1.553556981892727784e-01
-7.343984594570966973e-01
1.404368430694253322e-01
6.585162697792616981e-01
8.053202989875218876e-01
6.607474896900329409e-01
-2.933656397922039805e-01
-7.324644816580341278e-01
-4.354637087976918064e-01
-9.006875316235538609e-01
7.119123208658106883e-01
-4.031150665740892425e-01
2.588055102988891520e-01
5.577685096898656880e-01
-5.010320628921822728e-01
3.647611532704668758e-01
-2.955528379832830232e-01
-6.020707689508670857e-01
-6.372324990369899744e-01
7.601961600385844786e-01
8.772991452164444759e-01
1.228070257137967580e-01
-9.777709686828983671e-02
-6.821903258864521202e-01
-4.487381590892157712e-01
9.790245846041816247e-01
-1.176490588891275363e-01
-9.778600948575117968e-01
2.417880592856647137e-01
-4.573101217638897431e-02
-4.546206779625361349e-02
6.611505079399211393e-01
6.137372214469880571e-01
-9.826698764450620960e-01
-3.434096084613280642e-01
7.277093128072000816e-01
-3.796750913465534172e-01
-4.862442445009453884e-01
-6.439508905641870840e-01
1.468478612492409852e-01
-7.518989515317979766e-01
8.128918067520813917e-01
3.998602748286383957e-02
9.938867370772110910e-01
-9.297472093892578116e-01
5.033952620919959209e-01
-3.992036059636783207e-02
-7.167067093456638283e-01
6.862912255196882416e-01
6.637415485627768952e-01
3.005504450297606933e-01
6.871341156096000269e-01
-7.808678858750028873e-01
8.689126686563448665e-01
1.874522342429962574e-01
-6.941981707153122017e-01
1.125859675281963290e-01
4.002017955965662122e-01
2.905281571049356248e-01
-4.965966086561091064e-01
-4.287556825043374875e-01
1.345968310862697970e-01
7.324405899372712359e-01
5.840658255320687609e-01
-1.000000000000000000e+00
-6.950854005793153378e-01
8.526209221526794835e-01
-1.021880583824748001e-01
4.656849247251637625e-01
-6.044523675311568311e-01
-7.610614830271863473e-01
4.710329802833721491e-01
-8.423459549325353068e-02
6.264219919939408854e-01
2.205842205350370122e-01
-5.676911747731763214e-01
3.764981650243974798e-01
-8.422330431252496030e-01
4.918382961136114062e-01
-9.139715902061877895e-01
-9.852627254948334024e-01
-1.396977006253377063e-01
9.380202895592011370e-01
9.945185617801324263e-01
1.122266878411801033e-01
-2.449309856588239784e-03
5.721711976649723752e-02
3.601688207694493382e-01
-1.318741783388637234e-01
-9.295882378393809375e-01
-7.088258979797477100e-01
-3.550513263364600824e-01
5.372258649494865423e-03
3.743493353848021954e-01
-4.896826138207357459e-01
-2.419847846139124015e-01
7.854260275291564675e-01
3.174515316811126198e-01
-9.231704561570959200e-01
-9.057618977613035582e-01
4.177675196914835132e-01
3.150156883647630135e-01
6.108315624702407298e-01
5.493126374652002042e-01
-2.448863674907431065e-01
8.279161587173643200e-02
-3.520807286897271737e-01
2.176117515796660573e-01
6.247213323189724221e-01
-2.396003395093004862e-01
-9.997055304966597777e-01
2.458443159014023216e-01
1.395259569237949915e-01
2.621046005791680678e-01
-5.683352929116542995e-01
-5.203542876066837852e-01
2.999117421451678034e-01
-2.664396497336883329e-01
7.100263105944102371e-01
