4.884655457518609634e-01
-5.200502422566679606e-01
-7.705512839782751033e-01
5.489134696761266419e-01
8.719631001813379356e-01
8.938813411448305324e-01
-7.086528521590940155e-01
7.552963518053446013e-01
3.924654048082503177e-01
-4.782127422147675055e-02
1.690882626615688444e-01
5.039021184329139924e-01
1.344684488633391961e-01
-5.538753835194194508e-01
5.299729868321323423e-01
-4.388809015357830745e-02
-8.376709317415578226e-01
-3.633671994165705854e-01
2.030383619502718062e-02
-9.014031730132938680e-01
7.123285195156039418e-01
1.593407452947643854e-01
-6.073970183411014911e-01
-6.028619792730351978e-01
-6.674989822586052668e-02
-6.669206715199325064e-01
3.410831254628505782e-01
-7.618497410078857168e-01
-5.790514501948653692e-01
-1.417284899271615828e-01
-1.335237337600863050e-01
-1.052683836573753418e-02
3.983983772167332127e-01
-7.463019767749414779e-01
7.625535567233594492e-01
4.738859056128905678e-01
-2.732832046605839782e-01
9.393267015800392805e-01
-9.081400241379029570e-01
-5.140828613119041712e-01
7.055753678343790192e-02
-4.097192514785357176e-01
5.127706321390723687e-02
4.186749556409603557e-01
-1.614030315776000535e-01
4.715449488510659037e-01
7.807617145823182447e-01
4.637829845798071560e-01
-5.514877933297437362e-01
-4.589557051387607167e-01
5.523888741651186152e-01
7.628147654902877051e-01
2.288834447445065035e-01
3.500591147804159586e-01
8.814891486377851582e-01
-9.020837514228889908e-01
-2.553047204777916246e-01
3.285271280459518550e-01
-7.270354018478415448e-01
-5.878603946682183778e-01
-1.828744200078369353e-01
-3.683184565442241265e-01
8.217484576495137638e-01
4.357776682126475176e-01
-8.138009346662289367e-02
-6.844646946067531879e-01
9.023910307148719223e-01
-8.629397617146450372e-01
-9.853787331913332892e-01
-1.044390485294655058e-01
9.758637120523747654e-01
-2.624792597998741872e-01
-6.006547215801218975e-01
-1.222437212853684230e-01
-8.080556518319950143e-01
-1.388484963336229505e-01
6.283143768244277005e-01
-6.952000920610212908e-02
-2.541986396274842352e-01
6.007745728322289036e-01
-5.548924005291457906e-01
3.219178563252489411e-03
-3.234025313907009647e-01
-5.650846777363025542e-01
1.953484179333719872e-01
-2.000908547896724787e-01
8.490360006405792692e-01
-7.278725345948748870e-01
1.416523161934002406e-01
5.900397786659381527e-01
-9.698270186440405283e-02
5.383472552072487982e-01
9.488125526453645708e-01
6.583556836616977215e-01
7.027071437419873945e-01
3.247465569644272243e-01
-2.444011825497638402e-01
-6.661212189708261011e-01
7.799906822675506390e-03
3.919090598688801386e-01
4.066279859385810713e-01
7.986972323451659861e-01
1.887150974304319107e-02
2.248780598791615404e-01
-9.551880018133835915e-01
-1.273008764316785335e-01
1.639803646132298454e-01
2.008238696839057535e-01
-6.670750474693454279e-01
1.630970745571422853e-01
-9.686212740567781143e-01
-8.604128570622093797e-01
-2.005202297135757483e-01
3.411649728697787598e-01
5.408758237389745815e-01
7.875088947272335105e-01
-9.086846058757462874e-01
-2.142861881490132347e-02
9.737648456042080625e-02
-3.400839756245681578e-01
3.121857692914375981e-01
-1.207909740407495658e-01
-4.559427294268407760e-01
-6.989069092866664334e-01
3.559230708995966275e-01
-9.368384493537140756e-01
1.923832361766266708e-01
-4.429726902696800028e-01
4.516132789102671463e-01
-6.605414296793801210e-01
9.409458110046957646e-01
-6.566864240983132373e-01
9.218408171266181395e-01
8.951175225245677769e-01
-7.784901268609845104e-01
-4.887895348692892217e-01
-4.300898202365097678e-01
-6.061088540027914640e-02
-4.586934904278261449e-02
-5.554090334800083628e-01
-9.246409837457854053e-01
-6.836353928577065808e-02
3.706007102634951700e-01
6.702439021983555012e-01
-4.993545342117668984e-01
6.406444084073008582e-01
7.179002168821548846e-01
2.464246509723242440e-01
3.192288207792841614e-01
4.503258053374203929e-01
3.120184714016871474e-01
1.951348284432927738e-01
-2.015295996653767574e-01
6.658173879685829188e-01
-6.889547195428782356e-01
2.839565388042724070e-01
5.059855903885077666e-01
-5.767967838107606049e-01
7.588403914151651275e-01
-3.608523913106853609e-01
8.830651398802309426e-01
8.883117569892533538e-01
8.928988008644094254e-01
-1.348602612940230649e-02
9.697606863484449224e-01
2.270396554118891963e-01
8.835098123489277810e-01
5.618794242696043550e-01
-9.216769794327746013e-01
4.555815916468013427e-01
-2.393967883145480258e-01
-6.337547083763734879e-01
-1.725158808827220724e-01
-1.537983327107861342e-03
-7.845049264283567858e-01
-5.121040278510800015e-01
-9.596398480226646655e-01
9.815036148257536563e-01
4.337644020879671825e-01
-9.993765579410849309e-01
-7.597807539974221758e-01
9.621396398804871186e-01
-4.989020775203891755e-01
-5.003727379166216238e-01
6.764488588126773561e-01
3.183728712089528567e-01
8.177574094396860005e-01
-2.616630596102798023e-02
-4.530259659548014906e-01
-3.239236894845838322e-01
3.747148429196434094e-02
-4.640199272224720950e-01
-3.793314608273781197e-01
3.747244343595101945e-01
4.772603022985002497e-01
-3.360541410401831630e-01
-4.549889953540433574e-01
-5.435703093375596762e-01
-2.587483262454697286e-01
9.113715696107591580e-01
-5.179446817869268749e-01
-5.440448655272316358e-01
8.975303735076052281e-01
-7.437036687913967103e-01
-6.292021739271180802e-01
-2.926908651781696680e-01
-8.749753735791507836e-01
5.629137733708402536e-01
7.935315802186928558e-01
-2.254565184946877299e-01
-3.402800823479064096e-01
4.469320142421813191e-01
-7.921496539084795785e-01
-3.871927813790079220e-01
-3.748196651762203402e-01
-9.353815543958132750e-01
-1.114362185666504246e-01
-2.087795933645435476e-01
-9.170339453872575763e-01
1.593945424039104886e-01
-6.118149246899700078e-01
-3.875620054252351121e-01
-8.975310601730190907e-01
6.893884129269043370e-01
2.603738317611945519e-01
2.236830660979016727e-03
6.325585875851702511e-01
8.737893595735097829e-01
-5.824320376600677918e-02
-4.714396533546483248e-02
-9.874686595531763089e-01
-8.812486999868367477e-01
6.356719532434453868e-01
9.293996779908213490e-01
-5.670507679036487225e-01
-2.561610031753143168e-01
6.462072238171590044e-02
-3.409793162359586738e-02
3.930411043911334890e-01
-8.394222161297761886e-01
-3.137890112797268038e-01
-5.410764763872752958e-01
5.518215089047024957e-01
8.471747994472529353e-01
-7.566834990643871439e-01
-6.486466447217398290e-02
2.355444742712438089e-01
-5.159957849353213888e-01
-2.781431452702332052e-02
7.810562186003988661e-01
4.952634083267826171e-02
-9.331855260040693434e-01
1.862440850514450741e-01
9.956596324503410589e-01
6.651420637908969091e-01
-9.757431041498232371e-01
8.843253183181927213e-01
8.345729550649580997e-01
-1.784474299541798370e-01
-2.059166777319010322e-01
-6.686819251237725581e-01
6.768616892397076867e-01
-9.581502246977198212e-01
-2.028232638473053129e-01
-2.796481057834476758e-01
