8.169003926678768401e-01
9.189151629786052045e-01
7.601524745851562237e-01
-1.732830984105280248e-01
3.113718244803553858e-02
2.352787657290911216e-01
-6.917762649629066729e-03
4.324895915603199636e-01
-9.171278900626684827e-01
7.704554717558220744e-02
2.054659081519354391e-01
-4.428935971116088055e-02
7.522241161606648685e-01
8.651826507275710634e-03
-2.615270859821253735e-01
3.963212045925135207e-02
-9.488415230919875487e-01
4.752179894484402922e-01
-1.074359009678873544e-01
-2.700281286833625671e-01
4.145986893775301940e-01
-1.793318401947583407e-01
-8.495753021691074824e-01
6.703850715524279913e-01
9.004011190893745908e-01
7.648567713901897047e-01
6.308913890818901304e-01
9.934729962484512011e-01
-6.715215953284301431e-01
-5.536816689061789809e-01
7.527810595924306902e-01
-7.921641424029635115e-01
-2.177562009576798074e-01
-3.339663348310959456e-01
-1.685314142274618732e-02
6.625633300345608045e-01
5.573584593571441204e-01
7.494136004579383670e-01
-4.667632713801943001e-01
-6.409160436352745460e-01
-6.482182526860309491e-01
-1.957857141614649521e-01
6.169158602924944557e-01
5.319200625781852487e-01
9.695450777351868332e-01
7.435016089380486193e-01
6.945927758580880962e-01
-8.450307624284190133e-01
2.041453836363436025e-01
-9.814196776847561310e-01
-1.667970664183986429e-01
-1.321274591977770196e-01
1.217641417591177611e-01
4.135014497390683275e-01
1.913173211420637343e-01
4.509070804237005348e-01
-9.484991752004707788e-01
3.078526911781624964e-01
-1.567496485820032426e-01
9.877686020932723299e-01
-3.243357974191949378e-01
-8.439158730547984266e-01
8.060373630675465861e-02
7.601841886823978989e-01
-6.413020326210538968e-02
-5.866479049764006248e-02
8.422150944285446972e-01
-5.470481914286122738e-01
9.244106834127960859e-01
8.692399900042949712e-01
-8.448087450210164384e-01
5.500717788091404881e-01
-9.184376266206728534e-01
-5.103939030509521135e-01
9.441934572785362079e-01
5.652845829004158329e-01
-5.397984306393717180e-01
2.792330049445108653e-01
3.467340206702360650e-01
-4.686962218712904527e-01
-2.223621202167678224e-01
3.137784280939288628e-01
-9.776494923822336425e-01
8.804165350442429983e-01
-2.865500845283925901e-01
-4.076831606507273498e-01
-5.445172348042350841e-01
5.259012150326807244e-01
3.042163683350995740e-02
-5.517318813540104117e-01
-3.786233830258214361e-01
9.911867000541370043e-01
-8.573699055169714534e-02
-8.136519233010333085e-01
-1.000000000000000000e+00
3.573187931867212175e-01
-1.321297791318917225e-01
-3.853620280646412599e-01
-3.752569282613928969e-01
4.342895330675222709e-03
8.994399054917954217e-01
3.075904452925106725e-01
-4.771421611203354729e-01
4.038767318750353663e-01
-5.828254949011444364e-01
-8.659265927858676992e-01
1.658571266449029302e-01
7.157763510988492950e-01
-2.813986267948023201e-01
-4.123251083411041407e-01
7.471114572766778261e-01
-5.562990933402787164e-01
4.541153161538380445e-01
-8.330878466091495849e-01
-9.933876472515965617e-01
-7.760255200490533412e-01
2.971328535746329269e-01
9.723497861959122801e-01
-4.710385750436241192e-02
6.376641295022693612e-01
7.487813724556124928e-01
-9.843833627924343244e-01
-6.039502985481715047e-01
4.699763980389450868e-01
8.629910690216124891e-01
-8.958682806135036536e-01
-3.539793137996594119e-01
-8.204541211035865089e-02
7.871140372971852095e-01
2.871591389401295658e-02
-2.950009749916435720e-01
5.281013001063095125e-02
-8.278465447224592211e-02
-7.925872258171366980e-01
3.256115616748185282e-01
3.345660527883875801e-03
6.057042899181610540e-01
5.949080908199120277e-01
8.141918163680696985e-01
-4.935519399762479664e-01
-9.176422497798553124e-02
-3.484528472869030669e-01
-4.048152277311460878e-01
9.977815385329680264e-01
-1.517797581292381626e-01
9.916851640376065369e-01
-6.826805960593407274e-01
2.344304437007045383e-01
-1.106166060171378529e-01
-8.473823797904951327e-01
-9.959795658273331576e-01
4.802881714453011153e-01
9.616574341670358628e-01
9.339486560032812523e-01
-1.314119920471361613e-01
2.826599728674804024e-01
2.381018956220513072e-01
-9.853763626616800497e-01
-4.545990263409893650e-02
-7.730153455082111602e-01
-8.257582343601255204e-01
-8.502514952932256342e-01
9.402448038691366694e-01
2.425320479117081263e-01
6.938832384089925753e-01
2.927989099050296584e-01
5.176537514879404611e-01
-1.802488981789140965e-01
8.910337209806693526e-01
7.572381932426099083e-02
9.037067948092722958e-01
-2.605910038144582663e-01
-7.227718886998180103e-02
2.725492298426335225e-02
-5.748957228045008527e-01
-3.751240143654845927e-01
-1.912741714207184529e-01
-6.981523836344571965e-01
-4.321823341726440670e-01
2.943204148241118645e-02
2.591487268254892840e-01
3.739201938024028227e-01
-5.345584239469312049e-01
-1.217269394135311877e-01
-6.120791134707210812e-01
-8.842908468283265933e-01
-1.685342782962284680e-02
1.876884705157724209e-01
2.322042791159961705e-01
9.915124860182567001e-01
-5.443934362210269828e-01
2.240388895055787088e-01
-7.244123910431901070e-01
6.566353297977634007e-02
-4.895908320017707815e-01
4.667991083878213487e-01
9.473983679749065079e-01
-6.054613855197219507e-01
9.293052456779149484e-01
1.848292901477897043e-01
-2.588560121264222857e-01
2.990635118391116176e-01
4.791786444946555257e-01
-8.095799730246500125e-01
-2.992792526001541997e-01
1.317489402487954653e-01
-3.533823491856129539e-01
-7.954520864553489279e-01
1.130734180530250654e-01
2.907190531244852050e-01
-3.744464035392540691e-01
-6.493388854691151124e-01
1.000000000000000000e+00
-7.272130853673131057e-02
-9.305365229004016747e-01
3.183325054375794050e-01
-8.633098707807878025e-01
7.648211998860594552e-01
6.183718063513612417e-01
1.232833286155951003e-01
-7.303469560900111013e-01
-2.848081238247683888e-01
-5.027836306628010732e-01
5.056699125982433429e-01
1.647070887821739937e-01
-5.332190181817486607e-01
-9.286803777755636702e-01
3.056431751675294795e-01
6.464168015752778107e-01
3.740754312913818769e-01
-2.418554328006505827e-02
8.544464220681073918e-01
-1.104161479932135315e-01
1.812610580693725382e-01
-9.849770760702503125e-01
-3.318145649397521435e-01
-6.220562064640859923e-01
-5.388035411680209830e-01
9.276759004970283051e-01
-8.523117130829862553e-01
3.045431764582804401e-01
-8.013150600455836159e-01
9.502746658443332883e-01
-7.180106526982952264e-01
2.114860798677686837e-01
4.812411879565405837e-01
8.274388830756718161e-01
5.671767259392217486e-01
5.566857690840778528e-01
-4.470049980503862930e-01
1.035315696459047086e-01
-1.431264005425614272e-02
4.940673807997972844e-01
4.255836210300656397e-01
4.491133877801627428e-01
-9.132655241627398723e-01
-4.111308103461841501e-01
2.401353638454661876e-01
6.595780688121923863e-01
-3.945826682564930188e-01
-8.727799075224811354e-01
-1.380854351716866990e-01
4.084602534840553467e-01
5.671884706705334622e-01
-8.568934717651455202e-01
