-9.129468852837903103e-01
7.837328974230655110e-01
-6.403007291986943794e-02
-6.100424519330875928e-01
-1.724040551446186509e-01
-5.481284817779863427e-01
3.911977323899824555e-01
-5.925757233820301284e-01
8.320647218333749873e-01
-7.323963456659113858e-01
-3.772791978968856874e-01
-5.284238913872614241e-01
6.255442671271820299e-01
8.382175011583807844e-01
-4.591713807466899500e-01
3.493189196018553488e-02
-3.547334302136984086e-02
-9.952743740054988963e-01
-4.491333276129290120e-01
-6.518463376862815295e-02
2.576159126795700693e-01
-2.195691868636285571e-01
-8.587880409628563250e-01
4.404186323674124104e-01
-7.027127140425923901e-01
-1.707549813614683831e-01
2.273961303905112086e-01
8.210655678338234509e-01
1.648216312911696679e-01
-9.232038605627486128e-01
-9.291622084181128116e-02
-7.295893367720177602e-01
1.812531237835446063e-01
-2.920097382260837260e-01
3.893064011717743966e-01
1.945275926267338029e-01
5.721419323280341196e-02
-5.799769219128132480e-01
-3.827696209603780320e-01
-4.093236040252752339e-01
2.572932051709577728e-01
-2.407901937747567445e-01
2.924124419191203028e-01
-5.848073673637654846e-01
-5.929850822996372006e-01
-1.636371797132745165e-01
1.381897048401610206e-01
-5.200262855157178343e-02
-6.890613397488332126e-02
3.656882613161656082e-01
-5.903810630754953159e-01
8.231803333023992586e-01
7.577783097273527169e-01
-7.284567972685256354e-01
-6.560277969383223606e-01
1.541506156651664128e-01
3.853022530321417172e-01
1.447314359808662410e-01
4.357291820023209139e-01
-3.139757975139089163e-01
-6.369523586919154656e-01
6.481828258293984568e-01
-8.721826058996520192e-01
-1.172093947967991490e-01
-8.710474836598303128e-01
-2.257083589740751517e-01
3.640637534556114274e-01
-6.258072037151336531e-01
-7.682388548619814017e-01
1.091338910047781052e-01
-3.468714667858663336e-01
-3.100603294711254954e-01
5.693426010406488214e-01
-2.831700423741101424e-01
-9.042439443913958819e-01
-4.522760822791971336e-02
-2.631236463782702373e-01
-1.346210509898706498e-01
4.311587112559378543e-01
-7.541694701763151931e-02
-7.106704027719950023e-01
-5.411457785302928869e-01
-6.729443115404269982e-01
3.331313451243096413e-01
-5.502541251647756759e-01
-2.190259785456623032e-01
-5.441407186239948235e-01
-4.309071513306130807e-01
-3.613441070614498152e-02
8.244161088606015708e-01
-2.918317381723678494e-02
-7.444227898061379634e-01
-5.923978858847209761e-01
1.047326911316308617e-01
1.967031347963315024e-01
7.374057270783409557e-01
-2.625590180528922790e-01
3.621850232601557806e-01
1.340258252885810908e-01
8.645139428692552030e-01
-6.212656038434711814e-01
-5.099241512435113144e-01
3.278032235637617919e-01
6.200131160840285371e-01
2.903650943143563090e-01
6.018815460961653985e-01
9.957833954912460594e-01
-7.039763078575491662e-01
1.844960180836356933e-01
5.737144409424372871e-01
6.848603232553607256e-02
3.195780431836243718e-01
3.849544610702326786e-02
-1.828266355086038963e-01
-3.370220306232281082e-01
-7.604018695826255669e-01
-4.155241008292553939e-01
1.125974231030216627e-01
9.701228782222308666e-01
7.582022300354769317e-01
2.746908100767719851e-02
-7.088343312432747734e-01
-4.894823756659818503e-01
-9.073469593598919580e-01
-8.994554117007866889e-01
8.644963731158956666e-01
-8.301134504171976403e-01
3.270912328853200490e-01
6.708873515740716442e-01
9.901404637383159901e-02
-5.810364574633154477e-01
2.616445991348981259e-01
-5.778299580395646062e-01
4.197845157083599510e-01
6.839472181576984333e-01
-7.549228336200355383e-01
-8.620699440624610688e-01
-9.082945729623683739e-01
5.958047473548668815e-01
7.106516156865323453e-01
-5.793497517176460221e-01
2.155514363502517849e-01
4.623517827595936130e-02
-1.562367378074849267e-01
-1.000000000000000000e+00
-5.012853820127294302e-01
-6.745407532558278518e-01
-8.558783474379896283e-01
4.960285771171866198e-01
-8.727103855729978488e-01
6.562488183197709990e-01
-4.789264706024773943e-01
7.663414492956337476e-01
7.639166721131877835e-02
-4.804851986300380240e-01
7.631163000733669488e-01
-1.881858225199313228e-01
5.543943918702840534e-01
3.853339112153122414e-01
5.655649909469340209e-01
4.101987161253171088e-01
9.333226065929651760e-01
3.252473361886684677e-01
4.897001033736423370e-01
-6.592014992664072537e-01
-5.849389087864413916e-01
-1.000000000000000000e+00
-1.265891234455938097e-01
-3.013877606384376406e-01
1.721477747163466798e-01
3.428104371518768678e-01
6.510730031875412438e-01
-4.534164157249053195e-01
-1.091731004040246145e-01
-7.012961790753839963e-01
6.204331406927556802e-01
-4.402132946514212275e-01
4.822845759062666104e-04
7.928062531125723567e-02
-3.401417383711060616e-01
-4.079205170391835278e-01
9.090694133532546406e-01
-3.948432117260274321e-01
1.553168387658299121e-01
4.272148339059740341e-01
4.807409588897233466e-01
-7.193717545874278585e-02
8.232515924539742791e-01
7.680183963890370169e-01
-3.817688320187175854e-01
7.331806956636264250e-01
-6.848593305196306602e-01
-7.371144265938442963e-01
-5.060128994187707008e-02
-1.492247397998724134e-01
5.975814297579030709e-01
9.559899127819937448e-02
-6.351932202639302139e-01
-6.155854637542361729e-01
-7.770090147254182789e-01
-1.108342629318521781e-02
-7.587325212978248690e-01
-8.691664865442678689e-01
7.493820486755167209e-01
4.071273201629777017e-01
-8.299179776839249456e-01
2.180496486888576779e-01
7.589802369928195791e-01
-1.423113380161478148e-02
3.207568346211022714e-01
-1.359172937857040520e-01
-5.948692486771183230e-01
1.000000000000000000e+00
-1.471304086231401964e-01
5.861863147732682133e-01
-2.963927970862327843e-01
2.053918721409021819e-01
-4.407696962752138958e-01
4.646020953341594151e-01
7.516653054895547914e-01
3.422029608160831460e-01
1.376127702031340050e-01
8.761848106470363495e-01
9.622335767932537198e-01
-6.190921164548979228e-01
5.329038234686722664e-01
-4.875532799838522280e-02
-8.170629499639265880e-01
-3.964634631706034362e-01
-9.044593566630361181e-01
-3.638846358978364837e-01
-1.855269343429156170e-01
8.978332537856947848e-01
5.890339662271487642e-01
9.978046734785652738e-01
-4.809937217246524899e-01
8.932162672597033781e-01
-9.886737245486241221e-01
7.088347924899622843e-01
-5.229795580025264901e-01
-7.019381442854341069e-01
-6.912674505127349711e-01
-2.726091811149009558e-01
3.325340955159081235e-01
1.111826416130849982e-01
-7.433721600074822966e-01
-6.230247987730551662e-01
-2.399523875355484837e-01
1.962154919483680704e-01
2.066983277986005341e-01
9.882186842728744036e-01
2.483023917598139452e-01
-4.297528430703800861e-01
9.477296445900518229e-01
-1.069508346602356524e-01
-4.877217383863383660e-01
-2.593467268477291920e-01
8.153710547305224043e-01
-2.110300047122715128e-01
8.973860780106952539e-01
2.014470334176166610e-01
-5.729367106387106556e-01
-2.873476754311530268e-01
3.178873029160482755e-01
-9.455187890729255251e-01
