-3.438167650483903159e-02
9.040380069664792906e-01
-8.525037340513912376e-01
-1.803973351072778453e-01
-1.742263924445113243e-01
-9.312201580791816813e-01
-1.100387570974428186e-01
7.647340392394355035e-01
-7.681865055490086913e-01
-9.915574211412361283e-01
-7.332310109694994971e-02
1.469348668343205822e-01
2.334388745323627556e-01
3.083108011155402117e-01
3.558373246328281336e-01
3.806426876614275034e-01
-7.514098448553980791e-01
-8.783897549342160049e-01
-7.468861514663165391e-01
-2.435298186550705068e-01
-1.353586019180925692e-01
-6.595213870208775919e-01
8.190512804494261001e-01
-5.952689893335969540e-01
8.426492322052108186e-01
-4.391614059605042364e-01
-9.074138281046146837e-01
-3.977417226561901220e-01
-7.358753762698957424e-01
-8.223085005879748888e-01
6.057322963471780675e-01
9.997363613149311545e-01
2.800005928159094923e-02
-7.906737460027114528e-01
6.430027731224063903e-01
-1.665562150051964618e-01
4.994425758575946617e-01
-3.851165509358462913e-01
1.064874522005636592e-01
-4.636443465197870872e-01
-5.724866985268737274e-01
1.576328924172625268e-01
-4.263040055786531113e-01
6.469136446465295620e-04
2.242774941063583327e-01
9.537367301749615223e-01
-6.165626198618363585e-01
-2.558134091593830539e-01
4.345331570610231342e-01
9.255627357974951508e-01
-1.879611824236862017e-01
-4.975220758350868966e-01
1.754517460880935520e-01
6.539154315320034883e-01
-5.071559577844277911e-01
2.764462466690549292e-01
6.122173582165797434e-01
8.380888168633044977e-01
-6.293451143409769521e-01
4.862736284669733067e-01
-9.614124219722179621e-03
9.362600544873946884e-01
9.194298642149930645e-01
2.779465875768369898e-01
-1.361721220311285230e-01
-8.233036279621797071e-01
-3.154612046538693981e-01
3.434394184092499636e-01
-1.133390537495583134e-01
-3.211957106491825087e-01
-8.356378811723370603e-01
9.464139647956710810e-01
1.189761469264813964e-01
-8.896671479804940663e-01
-7.605034216145565296e-01
-2.968028989624453828e-01
2.203218650059926009e-01
1.197384920716852985e-01
-8.138488140221582512e-01
-7.343308384052456006e-01
-9.063737067684864979e-01
1.225446781564269311e-01
-3.156339786007491544e-01
2.076285395232674025e-01
6.659802024914187601e-01
3.048556901400747421e-01
-7.807293228985003886e-01
-7.071258588192965711e-01
8.819646101083236100e-01
-4.503965917893596460e-01
4.761173807021132354e-01
-8.482722080534095266e-01
4.060191265753576584e-01
-7.399355261505868864e-01
-7.238755700280317118e-01
-8.333381035415468041e-01
7.959465732007127148e-01
-5.348628445620453586e-01
6.107014310034579729e-01
-8.197834862196551331e-01
9.034930704274580782e-01
2.924144807186175310e-01
-3.594301791791895684e-01
6.573404277906846893e-02
9.498739081607543433e-02
-4.851902966450747368e-01
-2.471414475060062510e-01
7.942328244197192078e-01
-9.053786727389332434e-01
6.647312681118247024e-01
-2.280218580794324268e-01
-8.151549322572632095e-01
-1.063452131605793910e-01
-5.948024504486610908e-01
3.604476874458626412e-01
-5.209547793340303379e-01
7.281118079246344799e-01
2.302073701165108233e-01
-3.623585141362737350e-01
1.392463339095978692e-01
2.951030743051941130e-02
-1.916772544538370149e-01
5.250743872805814227e-01
-8.850056985114107544e-01
-8.626100314385801715e-01
-2.123499859294319947e-02
-4.707462239719897301e-01
2.545006303058185981e-01
8.981331104306879975e-01
1.051464489363851396e-01
-2.077575421699049407e-01
4.831926845606973608e-01
-6.003149248425843076e-02
3.512434044345915662e-01
3.197560732597326538e-01
2.232711220162142407e-01
-7.232150652774556043e-01
1.303985615291858302e-02
-1.553546513856107758e-01
7.628272341294228820e-01
9.591132474778720773e-01
6.716930311503854778e-01
-9.420297383973839089e-01
-4.603069903861185530e-01
-8.730113300541924026e-01
-3.858008544228726522e-01
-1.356620380345354704e-01
-3.568421339684699767e-01
-3.287420187190590593e-01
-1.977651493352441392e-01
-1.200330489075980278e-01
4.393090932207925903e-01
-9.526278187155434729e-02
-2.977291256173713041e-01
3.612826944043117106e-01
-1.477231450943186086e-01
-8.252673258141917101e-01
9.941000914293909307e-01
7.127378664561978550e-01
-5.444435344861604520e-01
-6.127208232278380517e-01
-5.834644315493804356e-01
5.933481243499039159e-01
6.610095051667441712e-01
-6.315605688461967127e-02
-7.849100588153121727e-01
3.474311368935214528e-01
-2.864256687554954661e-01
-7.493789615310240126e-01
8.243094468761105187e-01
-7.608584701696909924e-01
4.153776045368056113e-01
2.571653803187574638e-01
-6.252106234021594933e-01
8.403075878874610716e-01
1.825677946345829195e-01
8.454105741203041813e-01
7.834542269066570030e-01
1.475489994215048173e-01
-2.970372341766500668e-01
8.298619094272891017e-01
-5.695217387277541343e-01
1.606625838172106580e-01
8.245045980595762103e-01
5.459904917209437158e-01
5.273989503783709232e-01
-1.656556598369947064e-01
-5.633978759528093239e-01
-6.926414375192166961e-01
5.891627701255686134e-02
4.428605190964289839e-01
1.852740990127310639e-01
8.217956505403714029e-01
-4.353408026835628442e-01
5.376929129780136929e-01
4.364966762551028001e-01
3.967468526531439110e-01
-6.430690141212191957e-01
6.568845448944635734e-01
-5.608451429765848317e-01
1.556518807721998243e-01
5.085694891883861812e-01
5.896382063644065585e-01
3.811687372122614104e-01
8.089416242752236474e-01
-4.791905139043712847e-01
5.638515135632728992e-01
-9.822701623656635572e-01
7.303371117614395613e-01
-2.559296207595156414e-01
-8.182722988262429720e-01
-1.000000000000000000e+00
3.179870172598113776e-01
9.630792064965967292e-01
9.598138166326148912e-01
-6.086111587039289006e-02
2.487222579149626078e-01
7.099970936995794180e-01
7.407219817103281034e-01
-7.453175578532238443e-01
-6.805560752312089789e-01
-4.297584012850674817e-02
2.029106143231194093e-01
8.051344997494700451e-01
3.901525476346834331e-01
-6.342085640732946228e-01
8.356591707670139035e-01
-6.311047640475784259e-01
-6.982973699828340930e-01
8.483135653014040045e-01
-4.899369218883944388e-01
-7.769647361091021054e-01
2.803042744483945636e-01
6.522062599098030766e-01
-1.760698372242219811e-01
-4.065648891368593698e-02
-6.290679285333229398e-01
9.875823605113098758e-02
1.132700593137175721e-01
-7.326039622719897615e-01
6.478377995725013161e-01
9.413926026926886514e-01
-4.223781480076718164e-01
-5.442960951958550897e-01
7.666154337236708027e-01
-5.900285527424173893e-01
-7.444779732526238814e-01
-1.894664261500860203e-01
2.583701763620984693e-01
1.562646571895165426e-01
-7.110795507347171807e-01
2.070407411149701726e-01
-1.109505130950882990e-01
9.556987190799290932e-01
6.826752985728963274e-01
-9.251324411331816044e-01
9.893619117666183627e-01
-8.928794493908884800e-01
7.093745951204160072e-01
3.302019325589646837e-01
4.498363102245745981e-01
-4.993555314730671046e-01
3.726571394499077899e-02
2.706885271639285495e-01
3.642645056953635052e-01
