3.755069474229610904e-02
-5.961817634390933485e-01
5.312722517153309898e-01
-6.163207512903001728e-03
-4.228829386142629598e-01
-6.493601116122278416e-01
7.811947966129955123e-01
2.330873198682965608e-01
5.988163097148699876e-01
-7.130774747128323376e-01
-9.884424562261622249e-01
5.642334950653224990e-01
-5.031222620385411570e-01
5.680515504321359543e-01
-4.151567656919041838e-01
6.257684443974926847e-01
3.106825100939878403e-01
-7.925990268935600991e-01
6.669209924914247800e-01
9.897262359951852773e-01
-2.307502048119646487e-01
-2.795357366475526018e-01
-5.877621908191852373e-01
-8.843060221182590386e-01
-4.737265191674455700e-02
6.054004259180895131e-01
9.661612123452512080e-03
3.548868990727931383e-01
-8.116219295547466572e-01
2.295477051668022295e-01
-6.564989669970613395e-01
9.183490293382801095e-01
6.085131589120273965e-02
4.161639372490146815e-01
-2.201366449578043838e-01
-4.211609297475085167e-01
6.609181423938557121e-01
-7.541901502525887313e-01
-4.927776357355684311e-02
-3.812924664117616214e-01
-7.659267047795528249e-01
3.059544069251387555e-01
1.341205699636158766e-01
-8.309801048868417084e-01
-1.211867930057859422e-01
-1.837570458231716497e-01
9.862188055418290578e-01
1.593856469345751314e-01
6.530366994967939931e-02
-4.636736449502216750e-01
-5.308145372186927613e-01
8.378016717711775918e-01
-4.364525128432084067e-02
-1.033130741838006461e-01
-9.568144096618946826e-01
-7.607579635851855482e-01
6.074284274075547607e-02
-2.263214236609289998e-01
-1.352301143723044774e-01
8.328342049450809803e-01
2.320396556569928048e-01
-3.059478500056589390e-01
8.252428928858808188e-01
-6.748789430809125633e-01
9.206085156813530457e-01
2.526555117774931247e-01
7.648828428118981115e-02
-7.319632624538490173e-01
-7.817140223965388657e-01
9.076688142099156309e-01
3.802175917709680331e-01
6.589950269584532450e-02
8.547194797369737085e-01
-5.393357257069431032e-01
-6.582708077777899014e-01
-3.160357920491660977e-01
-2.041180746090616172e-01
6.264986713586204736e-01
-9.493282740603143921e-01
3.913422711938567833e-01
7.243190403156696267e-01
6.062605827573093187e-01
5.626029811385158119e-02
-6.063603919149245236e-01
1.054921418464700444e-01
2.356820336076849431e-01
1.770832946768630123e-01
6.230588274484230027e-01
8.518249431854330034e-02
8.036244968885402074e-01
7.341002913881595759e-01
-6.454882771631369476e-01
2.823191557515181138e-02
9.026940246144694591e-01
-6.876630740422424726e-01
7.439053809411699802e-02
5.992572404351008686e-01
6.001839634287806646e-01
-7.069124139637861237e-01
-2.694032008183337989e-01
-8.370296200142111065e-01
-6.222771247538709805e-01
-7.547544572613753555e-01
-3.770072288818426820e-02
-5.884549172212283352e-01
8.168575901171506448e-01
-6.697663187300093579e-01
5.285500280583339539e-01
-5.880052553809786975e-01
8.244996782581619499e-01
3.720758167346753797e-01
-7.540753526552692598e-01
8.844773508079144531e-01
8.822741410622769731e-01
-8.672732560981575300e-01
1.940692285044636201e-01
-1.799631673492323447e-01
-6.434994478496141035e-01
-7.462634409551249792e-01
6.645871242339553842e-01
-1.627996909120739133e-01
1.653794377551691674e-01
-2.075107001859317624e-01
-9.684131873021468717e-01
3.736505924312181204e-01
4.422278534544841211e-01
-7.262763104807425929e-01
8.791737771184895411e-01
2.877283464594571072e-02
8.562479295788605338e-01
2.816027455430880622e-01
7.560141031941997047e-01
-8.684070145902378357e-02
-9.108202192577901091e-01
7.928141471896534842e-01
-5.640765745780151885e-01
5.082084597151470540e-02
1.265187061972458116e-01
-4.113250198809101921e-01
-7.011427937655474452e-01
-9.775453264850826329e-01
7.522421069580060848e-01
2.826383743794940173e-01
4.908707689807922936e-01
2.050837558252127657e-01
-6.909982033012617153e-01
-1.597655828691324498e-01
-5.206541945512745961e-01
4.060536842803573188e-01
7.390210865786326355e-01
9.988171979203244177e-01
4.908872461289279787e-01
-6.938847276197148695e-01
-8.845183084572405541e-01
1.362141802592999051e-01
-8.569956024124253391e-01
-9.538935916003430382e-01
-8.565507698700831618e-01
4.768751350762590047e-01
-8.997873927278075001e-01
-9.211034729503775331e-02
6.580092614860821865e-01
-7.743682588545315326e-01
7.608820689940012372e-01
-5.448791795538265870e-01
-7.273965771342456588e-01
8.418772499748221616e-01
-8.602596341128141422e-01
-2.449983246950688809e-01
-2.489011203309308418e-01
-5.340365200239651777e-01
7.167028200815324102e-01
1.000625882255645749e-01
1.431855482476402930e-01
9.510409770698768916e-02
8.800298832084503253e-01
5.403117957662082610e-02
-8.888464578191457299e-01
-8.623284092702101500e-01
-7.588774621130178755e-01
5.747937726690153237e-01
-2.144502056723853745e-01
-5.217554151830829934e-01
7.532587933392007606e-01
8.136746827414391703e-01
-5.396475484292158065e-01
5.471572067798202710e-01
-1.233832622762509601e-02
-4.716907025854966129e-01
6.390379702685411445e-01
-5.105147583732265737e-01
-9.954026621482261472e-01
3.720342867779662388e-01
4.349827796338296970e-01
-3.904744342307413518e-01
-2.168554313841613013e-01
-9.205024092470694974e-01
-6.361107344051850632e-01
7.538954952950462918e-01
-4.318759035032440075e-01
-1.808730030964256219e-01
-9.463498323192371942e-01
-7.123260121044989734e-01
9.207482393382713237e-01
8.414317550998715589e-01
1.903603366855173284e-01
-6.405192445994949413e-01
8.742946691653525892e-01
-7.390016215902666108e-01
-8.626089386269724102e-01
-5.018005035479065068e-01
-1.698712787065930208e-01
9.829886771305549331e-01
7.067439500516938811e-01
-1.081604679452783380e-01
-7.313383462013216263e-02
-3.254597116745135410e-01
2.641341220913318022e-01
-2.621243160609125766e-01
9.289969816371437261e-01
-1.971817389318473168e-01
-9.814670313396143264e-01
5.121932205771226876e-01
5.782657370552146681e-01
3.976130714737258209e-01
2.126211530648921544e-01
-9.084940536923475918e-01
-5.137317766192133206e-01
-5.781518892365196116e-01
2.382361603191250621e-01
-8.610601835445665930e-01
7.760431407878449761e-01
1.000000000000000000e+00
6.080518353443535862e-01
-9.643887507927113578e-01
7.986768646451019027e-01
8.199796163094446033e-01
4.656288337659915122e-01
-7.543358499345806933e-01
-7.562099408501055109e-01
8.306983009470005896e-01
3.042533797512945171e-01
7.550237531742534092e-01
5.189404080348385406e-01
7.163596201197233171e-01
-4.737969788627176548e-01
-1.000000000000000000e+00
7.449583476192123133e-01
5.332011220122523376e-01
3.470768422335657188e-01
6.217638666384317503e-01
-7.873434582445422159e-01
-1.999876039779757697e-02
-9.837076941531204266e-01
-1.333213326889175487e-01
5.687510723836668447e-01
4.096898043416463686e-01
-6.750240733172376828e-01
8.519331421638853818e-01
-1.608451436320530448e-01
-8.217300795685420489e-01
-2.646244320766888425e-01
-2.817910486250174706e-01
8.980360920545489289e-01
2.564877731503856229e-01
