-6.257387422892264350e-01
2.602405488569030645e-01
-8.822217986256684075e-01
-9.968813326187258017e-01
-9.766869358188228212e-01
-5.699491800137297393e-01
3.714782387574329103e-01
5.534486825630202667e-01
4.675535042411880227e-01
-3.729589633669088133e-01
-6.970402982536475500e-01
-2.409301240915629749e-01
6.040026108848213227e-01
-4.878251460863702871e-01
3.970683370657015487e-01
-3.008956445440684746e-01
5.195108105665942055e-01
-3.407581315864152138e-01
-6.631559759899785522e-01
-3.850862085053221584e-01
-4.106922882932728669e-02
-6.206482263704575786e-01
9.185073940398664760e-01
-2.398504158787728713e-03
7.641819638260043401e-01
-7.255748638861043709e-01
-5.567904351448995648e-01
9.300601578757117238e-01
1.225634023336144018e-01
2.772987671263212328e-01
-8.346543676931639233e-01
-6.921475615246275304e-02
-1.494263382091700620e-01
-5.111657648200440551e-01
5.026229847881247270e-01
-5.123885528468745676e-01
2.994834696214108138e-01
-2.173818387532673313e-01
-2.596186145522043631e-01
-4.465750612799361807e-01
5.523719950219709851e-01
-2.289438056144317279e-01
-3.813596673709007678e-01
9.291143963140198192e-01
-5.414286630666231837e-01
5.814845159914727724e-01
-7.034182354671423276e-01
7.662182626794653562e-01
5.612690902177659424e-01
-3.336287641871393816e-02
-5.328294053711584155e-01
-6.109092271381963979e-01
3.322841082363892085e-02
-4.639755131854597092e-01
-9.659679466377963930e-01
-9.637848087138247699e-01
7.949268571708870690e-01
-9.582729294710423673e-02
-7.974308010237163291e-01
-9.547494507697873445e-01
-6.906659776937484896e-01
-6.260029227846963806e-04
-4.913367645534894024e-01
-4.485094923122965316e-01
2.634929209979592901e-01
-7.192634892021741999e-01
7.965217038261280802e-01
1.197638183164460024e-01
1.000000000000000000e+00
-3.662266026645602524e-01
8.354206382816562471e-01
3.870708241805578265e-01
5.995958958955771578e-03
-3.984980651670289031e-01
-3.361732025574042382e-01
3.286641536906831362e-02
-5.426724473214989963e-01
4.813555948405858764e-01
2.622368023235055468e-01
-3.725164210117333230e-01
-4.150844920340546196e-02
-3.941600955306623355e-01
9.248709860028767604e-01
-6.362384715724609396e-01
-4.317402064671662654e-01
-9.979184175473456708e-01
-4.721748384904969065e-01
8.612153135372313528e-02
-3.728934521883757736e-01
6.749468917950032232e-01
6.734818003693865407e-02
1.935649140920836508e-02
8.845489468628442431e-02
-8.397311959989779417e-01
-6.448981066977532706e-01
-6.225116009903723935e-01
1.124875309830302150e-01
-7.660107867393970427e-01
-7.594984989772941564e-01
4.936035441096398024e-02
-1.484155857326361350e-01
5.345642530658105684e-01
7.828343295840567428e-01
-1.026185727759449939e-01
-9.544255520504991708e-01
-4.999677397774628940e-01
-1.070531378901211639e-01
5.944160355962484488e-01
8.832381928612871302e-01
8.581040772249921567e-01
-4.514362477535760476e-02
4.368725025902930881e-02
5.814866678516164011e-01
2.894240639911327961e-01
-1.582647038186550115e-01
-3.357900945985092811e-01
-5.706125114771976037e-01
-7.783517441870919651e-01
4.708957441734393790e-01
-6.999869477775331195e-01
3.180086153502368340e-01
1.000000000000000000e+00
-3.614024422396191483e-01
1.643481878944836883e-01
2.569532045371785145e-01
1.479220105440672839e-01
-3.675818655160507653e-01
-8.176616445603601679e-01
-9.923098536221053312e-01
8.966683652978313379e-01
1.297024126937225130e-01
8.725401920344217910e-01
-6.426312808478586991e-01
9.204044392086316861e-01
2.540703003878694854e-01
-6.019191223664329682e-01
-2.444865166146477087e-01
2.468720051523574099e-01
-8.288731608761421565e-01
6.637232759215003775e-01
2.961861741874391996e-01
3.334080334055928851e-01
1.000000000000000000e+00
4.182709359995220311e-01
-3.641603197102589728e-01
3.861480832233803451e-01
-1.566771036966978503e-01
-3.343294929135112170e-01
4.320711642161370047e-01
-4.321860378587889517e-01
8.575422934967009692e-01
3.202353100046646528e-01
-3.278733521445198473e-01
-4.315964528289057967e-01
4.041260393204060275e-01
6.585089768265117716e-01
-5.799104617736203782e-01
2.509311645950074166e-02
-6.753455235070280338e-01
9.237635044560148501e-01
-8.402123272027735013e-01
2.323580957053279494e-01
-4.263744585875617332e-01
5.865621331869994570e-01
2.363081181952719767e-01
1.085277875351791099e-01
9.123653128032358506e-01
3.751441554051364591e-01
-1.000000000000000000e+00
-3.314608870183379796e-01
-8.740223767664989651e-02
-7.159854650972741208e-01
7.781732331413204751e-01
-1.584606401321826397e-01
8.084218868416082060e-02
-6.334303973146839795e-01
1.709883151476228047e-01
-3.046405839961996431e-01
1.720046122289853319e-01
3.442871013144581660e-01
2.618483526780581716e-01
4.816945629446354737e-01
3.017759307413925285e-01
2.398580978949298448e-01
6.068881470631208863e-01
-9.118080951323217498e-01
-3.546869203519802949e-01
4.472775445476782630e-01
-6.209743794650917081e-01
6.712159284739731557e-01
5.864059770214340439e-01
-2.329147283126824508e-01
4.546968058920952682e-01
6.117554893410988015e-01
-8.402686028700930843e-01
3.297793745550958722e-01
7.024390047644761825e-01
4.743254947389652365e-01
5.241474743306520079e-01
3.854832387620065193e-01
1.278849197476100152e-01
2.324471197604873751e-01
-8.502938332441178915e-01
-8.109764338179805687e-01
9.039868926274881034e-01
-6.480448318419496090e-02
-3.339686443470513133e-01
3.992777051668101596e-01
6.994700637849438074e-02
-5.449267982401737598e-01
-6.422222568534277087e-01
-4.727455176709647322e-01
7.963760484583266575e-01
1.263337911165181016e-01
5.788674377480338418e-01
-9.891890873952986496e-01
-1.030872143385942741e-01
8.497282313039327128e-01
4.677545274411529785e-01
-3.519539673315172923e-01
-1.000000000000000000e+00
-9.878034893605340816e-01
3.050996917001800313e-01
3.557370878709062989e-01
-9.851277026428184591e-01
3.208543054650139226e-01
4.269612711731252119e-01
-7.883609386931496044e-01
7.209670572185054027e-01
-2.479556698810025939e-01
-6.829743418569496072e-01
-6.945625024069395081e-01
-7.626595281291699280e-01
-8.621883875986102730e-02
-7.329309850672125481e-01
-4.436724806425274004e-01
-5.452392945595332385e-01
7.902136839459421580e-01
3.436081310849099513e-01
-6.917445252325133964e-01
-3.276102858316036759e-01
-3.623833442941239991e-01
-2.375130510321943333e-02
2.360421531735044098e-01
-8.480127419322287530e-01
-5.031677529708573626e-01
5.689837270839971373e-01
-4.827398179576769532e-01
6.533977183744962280e-01
8.111830632679595254e-02
5.117812091590823176e-01
-9.792245351709587542e-01
-6.878270018365160166e-01
5.980843403434077388e-01
-4.705539791184703002e-01
8.185240240654034771e-02
-9.137450742565097483e-01
-6.809417877002859054e-01
3.191197253980253556e-01
-8.334640331087250775e-01
2.939689443985877837e-01
-7.610703995516041598e-01
2.058649542782549080e-01
-3.019917836310292980e-01
3.404999559253518715e-01
