7.193344173484899073e-01
-4.215361176834220291e-01
4.491625773952090950e-01
2.310593968551239996e-01
8.876794760867812162e-01
3.476953801351536644e-01
-7.337523427936734066e-01
-6.006519971076516029e-01
8.652310122531821079e-01
-7.145515639861077517e-01
-7.266700840335102995e-01
5.248415909649815081e-01
8.180718710516188263e-01
8.479642254724557571e-01
5.026416562212465688e-01
7.775163014383434934e-02
-1.442211183250322326e-01
6.681528312590965246e-01
-4.948784431292529984e-01
4.248547376072091541e-01
7.981668879629375546e-01
-5.325402532510252751e-01
-9.193719810248843771e-01
-9.763251971387927330e-01
1.077315228130564240e-01
-9.385612659840949501e-01
5.388518095753545012e-01
7.381312206107831786e-02
5.951102814811410902e-01
3.755846040966066557e-01
-8.753004330884850415e-01
7.304736764579293773e-01
-6.667677184592051276e-01
-5.984897162546243266e-02
3.314680320635861044e-01
-7.306614967421398710e-01
4.957041887571822514e-02
-4.744089083310678578e-01
3.738460083049023330e-01
5.728135874094164581e-01
4.567015637184532739e-01
7.026012729808690516e-01
-1.618144624786710395e-01
-7.299601452953345948e-01
5.270368399709568497e-01
-8.737244394051468799e-01
9.697140371226815603e-01
-5.485695138720013686e-01
2.013711219543274922e-01
3.049836398688063888e-01
5.782081253105750829e-01
-2.554396440301600624e-01
-1.348355053366288026e-01
8.443118670772667977e-01
-9.563636683289657991e-01
1.414048345379532723e-01
-7.228358699755108585e-01
-1.508342353921559020e-01
9.585818939690149421e-01
3.751968590866465725e-01
5.359841154272235730e-01
-3.307109977219930830e-01
-5.185807471226171472e-01
1.457585387558371082e-01
1.306130362072077666e-01
9.502584452247158087e-01
-8.380776170919712609e-01
-6.741568618924254075e-01
-5.418923703888636201e-01
6.638201930742761991e-01
9.070054488083134636e-02
2.408472790654239137e-01
6.943178914200873741e-01
3.462146850264706810e-01
-8.646277505283448406e-01
5.417230389243499200e-01
-6.316961101530831346e-01
7.350074060149420774e-01
2.207820245200664555e-01
2.749583400386754750e-01
9.419384823934984219e-01
9.959904399524388552e-01
5.472806221711068453e-01
-8.299683398931390066e-02
5.962478589054913680e-01
8.217343189070280829e-02
9.509867174422375058e-01
2.915611321265449973e-01
-5.051042725432970393e-01
-6.300663273616666782e-01
4.501785410957914735e-03
1.296312827749601659e-01
8.276842008452700572e-01
-6.786972515303744125e-01
6.195263364260741312e-01
1.669696096243396613e-02
3.854111495558637523e-02
-1.254170173664619359e-01
-7.623605680557963282e-01
-3.155102182371538611e-01
8.184587089666914839e-01
8.647478468466855972e-01
-8.120917817349382339e-01
1.221525431438756915e-01
-2.343802229295268713e-01
-1.089998233201947553e-01
-5.487033894494610653e-01
-6.947582017756175343e-01
6.346744509386110789e-01
8.968996642394995167e-01
9.607508890131455370e-01
-1.382015564780707528e-01
-8.800476744490337566e-02
-4.571931038911634104e-01
9.945874690444240773e-01
-8.599599269443624072e-01
-1.526851662657831010e-01
-8.422546253290597029e-01
-3.623010605892114100e-01
2.727805461396637376e-02
1.440235632514774711e-01
9.389608507572617668e-01
4.910836257590647236e-01
-7.519037841388143129e-02
-7.781441311319914345e-01
-1.138138259928054286e-01
8.330759576421251644e-01
2.792347146957667725e-01
3.181050068917383733e-01
-7.518260681830837289e-01
8.089914561618629651e-01
7.314105443921761207e-01
2.649131873266461490e-01
-6.228696084451830206e-01
8.572163424350032201e-01
-8.313685489839075515e-01
-9.126346102729112619e-01
-3.646975222272959005e-01
1.621024395586405653e-01
-7.198762556310578375e-01
-5.617176583601977136e-01
-6.320576770504897635e-01
6.628928793088534333e-01
1.395194781146693597e-01
-9.644954559468839062e-01
2.907956051220039750e-01
-5.028478739278063880e-01
3.468175231150101290e-01
7.442712319989919223e-01
-1.650110981027868018e-01
-1.475279094096295651e-01
8.543031924511903519e-01
-6.616336663001696206e-01
9.631747073968761619e-01
-6.507593345919953087e-01
-2.692932586734941847e-01
9.201889328574908156e-01
4.559574660574292615e-01
-4.209570413146868084e-02
-5.441554578743263981e-01
-7.735156962958888993e-01
9.984972057475705043e-02
1.919651795962029617e-02
2.052332441426389931e-01
-2.216630874536833495e-01
-7.253443106129444651e-01
6.983487385345683585e-01
6.961296143426731753e-01
-5.110048517502492338e-01
-6.839528329859314582e-01
-2.191115803035925680e-01
9.639083198326843238e-01
8.305836726288988725e-01
-2.014183969026732690e-01
-7.947975926124255519e-01
6.094307717798264079e-01
7.186137308619708897e-01
-8.356738634823663858e-01
1.931553011237345796e-01
3.742628694555195090e-01
-1.096443462061071905e-01
5.511928996837531791e-01
-7.459748371047525417e-02
8.100964503908958392e-01
6.122595402326462821e-01
-6.555619666233296616e-01
-4.558445086693896364e-02
4.741833719976367156e-01
-6.748538922492757219e-01
-8.310522047296020620e-01
4.789001451641095031e-01
9.975842150626594851e-01
8.388546838474897349e-01
-7.877627934742319482e-01
8.738073070798846320e-01
-1.487001510391499082e-01
-7.565402456567347222e-01
5.001434144073870769e-01
5.579107776446254885e-01
7.657361145668215574e-01
6.039798384327268455e-01
8.540088885507161054e-01
9.091539419645322528e-01
1.556521797915488836e-01
-2.002619153806035612e-01
5.554106266093870037e-01
4.106470980603198484e-01
6.514376775029904199e-01
9.425668128464868012e-01
-6.746882187855915980e-01
-5.549047664657922319e-01
-8.555892292560278722e-01
2.898506620955370039e-01
9.459747762641232960e-01
-5.823093342298040209e-01
-9.474402198765237426e-02
-8.139748488922895486e-01
6.309066661657452002e-01
4.596117464733582292e-01
-5.065098228289717230e-01
-6.338275486571658401e-01
2.003902951914371400e-01
1.058010600322467631e-02
-3.968518962932083838e-01
-8.612094191214483274e-01
-5.046023564223294233e-01
-8.857271439481151365e-01
6.117390342618654886e-01
8.608840976315224047e-01
8.916873443369155439e-01
-1.190516729781776473e-01
-6.681907691753430356e-02
4.301675235102546679e-01
5.286792106378641609e-01
-8.113171454581160624e-01
8.480326945184826215e-01
-4.874280827056201026e-01
-1.006491350284559605e-01
1.041753116571859650e-01
-6.356876939885596212e-01
-8.094961344397408887e-01
1.923051731918565821e-01
-1.791152771679205280e-02
8.445019183313406952e-01
-6.938310726940011275e-01
-7.727640155974420111e-01
1.119153618318378118e-01
-3.786454239552794476e-02
7.025362099805474436e-01
-5.078373973406447028e-01
-5.120150789790963580e-02
-2.805134474747854600e-01
8.129447811001135893e-01
4.462299640102405096e-01
-1.978158719585665359e-01
-7.708288969259546874e-01
-8.860369993791739063e-01
-7.564245747818549859e-01
3.618565290229051046e-01
-3.518020407188684473e-01
2.392943391757833549e-01
9.828273916504171037e-01
6.925437890229494409e-01
1.920977394445635422e-01
-7.888598683180427784e-01
