1.687092720996590245e-01
-7.477394473775458295e-01
7.366289856849433937e-01
-3.153413169526273485e-01
-7.280246041553068981e-01
-7.704899879746733848e-01
-2.095951751591783666e-02
-1.270886193283460308e-01
-1.633356112449179387e-01
9.847808915504334681e-01
-1.369864047842030974e-01
7.605352120193975551e-01
-6.759615227713225982e-01
-7.127686938624058222e-01
-1.005793335806504096e-02
-8.903276850371644180e-01
-4.566694966055220295e-01
-4.432154834425781065e-01
-9.273068743016599225e-01
7.518473407453885038e-02
4.910057483565999359e-01
4.335033242091845818e-01
-8.739228658530373561e-01
5.764330601721701086e-01
-2.722834567590375343e-01
3.681369449293188101e-01
-3.483247734578432397e-01
-5.229994703869463857e-01
-9.544402280884420886e-01
-1.307952436144770303e-01
-2.294486335883298977e-01
-7.649526812833706835e-02
2.372375694399189439e-01
2.573819007583759699e-01
7.620793513993165957e-01
6.542412618061539398e-01
1.260423222228558016e-01
-7.959877845288281240e-01
1.636850230136008555e-01
-5.643403846442445193e-01
-9.368254504671980065e-02
9.793551620113457590e-01
5.083907969613044031e-01
-7.660163663864348882e-01
-2.094643234499173889e-01
1.681501507861268563e-01
-3.059262904775408298e-01
3.828362497036786466e-02
5.738843893493279502e-01
-7.511755494550249601e-01
-4.760332474069095543e-01
-7.432179917464818431e-01
1.653641301921313644e-01
-1.000000000000000000e+00
9.162129629824988797e-04
-3.717508430017974486e-01
3.176577723484641513e-01
6.058996756891121827e-02
-1.363622102738468733e-01
-6.906758976375930725e-01
-1.434789579058406428e-01
-7.756882516833980556e-01
-4.961451772974017072e-01
3.300540378752734316e-01
7.143804917261911136e-01
9.780932041712389613e-02
7.797791947714243221e-01
-7.419187245455294288e-02
-9.585105895707524137e-01
4.575661496118190730e-01
7.989349491244985835e-01
8.136839328987122144e-06
-5.983508149246752339e-02
-6.771875293804252571e-02
-5.500932918556317164e-01
7.146963863189463861e-01
-1.000000000000000000e+00
8.375813528401179209e-01
-4.733452976228189613e-01
4.192743375880496615e-01
4.471452608184374178e-01
5.176040270264050669e-01
5.430281898229856186e-01
-4.012507722159455170e-01
4.823332432294471506e-01
3.733175324908488690e-02
-7.105957732241364733e-01
-4.165700078478560275e-01
-6.315335903454233346e-02
6.825256104645476274e-01
-6.234595967270569750e-01
-1.853372376484230255e-01
-7.513023112634451550e-01
-3.914438577632450844e-02
1.524770850394228106e-01
6.099017562688376914e-01
-1.000000000000000000e+00
-8.845198052119456200e-01
-2.773199871566736086e-01
-1.000000000000000000e+00
-2.044259032805564313e-01
-6.418488938384991904e-02
-4.809501894029561964e-01
9.060763687508432973e-02
-1.709793511564450252e-01
-4.368693265595176012e-01
7.844170500767051468e-01
9.392077400895437744e-01
-2.687644097415106126e-01
-9.984210904568528999e-01
-3.024851657329863386e-01
-1.666842940552102359e-01
-1.863661818106756574e-01
9.308274921747645703e-01
-5.793740725573850447e-01
-5.264284239364136475e-01
-4.404981041912525708e-01
-5.282447110364316689e-01
1.766987660653649428e-01
-1.134025517282393203e-01
6.915595290817715401e-01
2.451175359071838811e-01
-6.054353999198265335e-01
-4.956999908310544267e-01
1.000000000000000000e+00
-3.575441333228581708e-01
-1.848892348492328086e-01
-1.700051059763328307e-02
-7.452905436424235308e-01
4.718023314906867605e-02
5.342648581866655810e-01
-1.382143417995012058e-01
-3.275588675810412465e-01
-6.025641176207179317e-01
4.935710853172881052e-02
6.106151940525007538e-01
-5.295657165936074051e-02
-2.369563779621488564e-01
2.333345854621242665e-01
6.892703107032485121e-01
7.456593876631916196e-01
2.600454205335245295e-01
7.881153180056392760e-01
3.085656260203020196e-01
-3.725577326123776789e-01
3.732525700020112858e-01
-2.652638129753759344e-02
-4.775119481348781836e-01
-1.416474114462696610e-01
9.438734184874448818e-01
-8.075623007749119786e-01
-5.672990585488588700e-01
-6.805567597941004632e-01
-8.835845321287436605e-01
3.506062151644597780e-01
-4.939843054820456381e-01
2.750586705440416502e-01
-5.213337394200856512e-01
-9.781892407254273447e-01
-1.199431543682942802e-01
-3.603948341928002730e-01
-6.098401547813936396e-02
7.558520145880009977e-01
3.714189614266150130e-01
2.614136341366513072e-01
3.319432047418173770e-01
-3.786547791633949056e-01
-7.583690369893532068e-01
4.682065319715875695e-01
-5.325291770718192375e-01
8.645333539244528520e-01
-3.409256425842266403e-01
-9.241301877711777246e-01
-4.845708727178332786e-02
8.561925569567452321e-02
-9.249742785772725462e-01
-6.879697696346540603e-01
4.421428709098729204e-01
3.740249328135780704e-01
2.534941089415898574e-02
8.952238543568855622e-01
6.362395133192301211e-01
-4.620742747502615821e-01
8.131031420302105017e-01
-6.631449237739697189e-01
-2.473191494364948007e-01
5.971817856380949863e-01
-3.238340243204548136e-02
-1.000000000000000000e+00
-6.181580132122952431e-01
9.338849939895050856e-01
-4.227362455036709488e-01
-2.526171678930853037e-01
2.734496363770766436e-01
-6.167738545335473832e-01
-6.919027012388254683e-01
6.998469491557810507e-01
-2.992209762615428148e-01
-1.051350114243865264e-02
1.462008349858585632e-01
3.562435978907507739e-02
-9.404948138907975874e-01
8.178763477015762451e-01
6.880635736811169245e-01
3.008386145831773995e-01
9.776092669026368309e-01
1.522139910026145682e-01
-4.801082195304824385e-01
-7.879256769712386088e-01
-5.417917518910639885e-01
2.255073261310645005e-01
7.425782500177711132e-01
-7.177750509623379571e-01
4.656480898437755922e-01
7.656085806800947413e-01
-6.707491540361767424e-01
7.333481351559001382e-02
-8.227910689735835614e-01
9.457333995297108054e-01
8.116629970989501786e-01
-5.915311056454763960e-01
2.251858722349178166e-01
7.660721459325090521e-01
1.652462840903259345e-01
3.952615839232299644e-01
-4.788103026877810198e-01
6.063679298550306296e-01
-6.319947990526619819e-01
-9.339836528143961036e-01
-3.351574960016709959e-01
-8.209618155301914300e-01
2.177473680831254477e-02
3.969604815406704290e-01
2.933539354305294555e-01
-4.064823906979118107e-01
-7.346965720751212625e-02
8.030272434293201922e-01
6.561645061252212585e-01
-7.063148355283892510e-01
-4.522741065580665465e-01
2.633934603936929353e-01
-1.320499269245265506e-01
5.576735621216049044e-01
4.805823519406928757e-01
-3.194770154889773894e-01
3.082233574922135233e-01
4.029269181907988440e-01
5.968729249729010089e-01
7.871925432189981198e-01
3.848496002981756092e-01
1.186347258211422478e-01
5.797797738655392497e-01
1.720623047922744675e-01
9.743904340531213126e-01
9.280394552015633902e-01
5.467699020144050071e-01
-2.708725592372061008e-01
9.290891684066211464e-01
5.239187216071921060e-01
6.818070737249994906e-01
6.567134474815018441e-01
-3.681204334764989206e-01
-1.684725534032651684e-01
1.838171425309107487e-01
4.108161347802992136e-01
