-2.168895963128392168e-02
-8.588779399899744149e-01
2.067836474349493692e-01
-6.894286691097373243e-02
8.753839438284982677e-01
-9.067423476390106263e-01
6.481126404825039433e-01
3.179409616640516134e-02
1.131969063453529822e-01
-1.727662109731628315e-01
-3.070310763625692108e-01
3.688255091720842316e-01
-3.404199665207467973e-01
-3.620440704335085164e-02
-9.960155092422295908e-02
7.152003732844762762e-01
6.274883317870982857e-01
1.196868308511120499e-01
3.813777149217207896e-01
6.660236038802733738e-01
-4.180798086955348492e-01
-2.241399248044833037e-01
-4.015424219392083049e-01
-4.928122684225346717e-01
1.851814742509603207e-01
-8.213832534528493490e-01
4.052687083747443797e-01
9.819273377756740917e-01
6.671843218325508307e-01
-6.814573071341778476e-01
8.969431994874763614e-01
-1.000000000000000000e+00
8.851064219882609496e-01
-3.839295346051319058e-02
3.029948346567686857e-01
7.781704772749677979e-01
6.641940990042027870e-01
-5.642784880801139380e-01
-2.978799042075919168e-02
4.831153004519306293e-01
3.266765947601522058e-01
3.569745136513202688e-01
2.294515928030360918e-01
4.837855623746925016e-01
4.770692766084556613e-01
-7.991180240624922160e-01
4.848030562935319310e-01
-3.632700358992385723e-03
4.182168297184869488e-01
-7.166177824718436007e-01
4.501569520065398233e-01
-5.765305775019664569e-01
-7.139369116395051229e-01
-5.295560315731342449e-01
6.582381381903785744e-01
5.802513907560357537e-02
7.642359903234345886e-01
-7.398871165184839338e-01
-9.267074246834572371e-01
-5.635829855461944593e-01
4.075290245969807046e-01
3.367280266446621706e-01
-7.834558069507404632e-01
9.259945094616337524e-01
1.681667550646719356e-01
-3.219696031650567392e-01
8.592337031874981434e-01
-4.744335290258052673e-01
-7.585947238239729717e-01
6.444904507240916125e-01
-4.872970422133944268e-01
-7.466423148366084783e-01
4.431913226925665028e-01
-8.367360086248742945e-02
-1.000000000000000000e+00
-1.000000000000000000e+00
-8.740274895145925260e-01
-9.233507684671689031e-01
-3.922262026139559099e-01
6.391792495594268431e-01
-9.805233607780359240e-01
5.391071709346857421e-01
-7.410367669477542218e-01
-5.578733060015284018e-01
3.421916935378628288e-01
4.982509225059872371e-01
-7.997205685975063982e-01
-6.005904923890399427e-01
-3.485880333433859501e-01
8.472870756947663562e-01
4.816640758593373484e-01
-2.075672211760688501e-01
-1.000000000000000000e+00
-1.164395234501715976e-01
5.736976322838853726e-01
2.784568229470330003e-02
9.633460283366417354e-01
4.168742848292590342e-01
8.856302338773631710e-01
4.758166703927415586e-01
-5.994192396196564854e-01
6.737198734831213454e-01
-7.675063123468994775e-03
-7.479162816729110208e-01
-1.828518871004747859e-01
2.707265794461801711e-01
5.444890447498378361e-01
-1.825442695941780213e-01
-9.627124872568735281e-01
-5.012455115859217880e-01
1.000000000000000000e+00
-4.862377901632438659e-01
-8.284733514213826755e-01
-4.877161576404782650e-01
5.371929298886879423e-01
2.418914249765080626e-01
-6.826855042171704469e-01
-1.643359276764337906e-01
-3.004689999013949731e-01
-6.359008100600345159e-01
-3.177638916618779064e-01
4.770876923717715101e-02
-6.410712877477724447e-01
-7.767986743178996178e-01
-6.062299300514000233e-01
1.366388510328819805e-01
-9.222138764787801701e-01
-5.778681457718921610e-01
1.492416524188273641e-01
1.431327506530661320e-01
-3.523741190713274296e-01
-6.301546793688790338e-01
-8.641246015422430204e-01
2.840358452781308607e-01
2.741966132420359248e-01
3.146031337086050428e-01
5.574990095501797249e-02
8.613456374971134588e-01
-9.697986696491105452e-01
-7.162009712117465288e-01
-5.293679520423701934e-01
-6.988738962373890473e-01
3.101448360452079278e-01
-3.837098301447718907e-01
-7.957931986671622493e-01
4.252126322038194406e-01
-6.750411952812975791e-01
-9.655263428023288519e-01
3.155000525754079188e-01
-5.935733104988769604e-01
9.282875989171894826e-01
-7.921608725974307319e-01
9.698719912857924896e-01
4.224924560575535892e-01
3.533706061307653190e-01
8.128368110099404298e-01
-6.978692178950407499e-01
-1.000000000000000000e+00
6.188139922169157980e-01
-9.805239875340112654e-01
-9.468369700950238776e-01
-5.356399719187396880e-01
6.990515014810272376e-02
5.697088096925222445e-01
-8.412153610438359852e-01
-8.091768294131682637e-01
-8.751088381680909301e-01
4.762226870820063240e-01
-7.285453448127290343e-01
8.178053063778343290e-01
-3.847227845818628200e-01
7.050825596338612389e-01
-7.677433735296699258e-01
5.533251051293648359e-01
7.136125616088659918e-01
-4.079860761842948325e-01
-3.221755480156924811e-01
5.790646604176197254e-01
1.946609995023942385e-01
-5.548254567940265058e-01
8.332829361282814151e-01
1.271658234953656486e-01
-3.556196268704069352e-01
-5.726976652806932133e-01
1.000000000000000000e+00
5.161152510333955057e-02
-9.685153030220241543e-01
1.687350412929755628e-01
-8.893343892606504486e-01
-3.607481751956762572e-01
6.234777987655384379e-01
-3.452606936374413849e-01
3.847696614298228290e-01
-2.459580633080123424e-01
9.289851659339565249e-01
-7.578125023777857461e-01
6.279792160811059620e-01
5.405297156059465369e-01
-4.446567484765047151e-01
7.495091087637251182e-01
-4.356088916702460789e-01
-6.683621397817717247e-01
2.710044617984335158e-01
-9.139029632822914806e-01
-2.984429359085261080e-01
-5.595449108306780328e-01
-1.498506014002374924e-02
6.926488423641591341e-01
-3.885625065826682767e-01
-2.599459411357374350e-01
-7.445258092063564703e-01
1.481366051228852621e-01
9.491526500778468822e-01
3.630625791168684557e-01
-1.810161549619850874e-01
-6.999114021834698107e-01
-4.908388419742011344e-01
2.146560327818365366e-01
-1.490781118590223109e-02
-9.599714917409003789e-02
-6.548538549183269275e-01
-7.432514083698391616e-01
8.058264628883313740e-01
8.016508383414249206e-01
4.229543291590138754e-01
5.177028073374039252e-01
5.699439813314339798e-01
3.885032960886147801e-01
5.024609198060521198e-01
1.767815422565566230e-02
-3.393990708870586737e-01
-8.448399911238514692e-02
-7.381029990334602164e-01
1.238077428230195398e-01
6.764742488219097627e-01
-1.043298253706392842e-02
-5.501018152069900857e-01
-4.006919070431933516e-01
2.324207959452888606e-01
9.797635191027249668e-01
-9.578230860677654501e-01
5.516616242429295269e-02
-2.608967430394066866e-01
7.931026455786047702e-01
8.902675153319530299e-01
-6.277098404377734475e-02
-1.623580838865508191e-01
4.455645471258461998e-01
-1.319875599250501796e-01
7.044196671876126192e-01
-1.198184264400623533e-01
-8.429829671589665896e-01
-5.898952862000199637e-01
9.567785676958227015e-01
2.561188582587393264e-02
4.840885978546463075e-01
-7.119281959674376159e-01
-4.277391032695505579e-01
-2.600562278273071404e-01
-1.574011718070646992e-01
8.027661576931441889e-01
-2.652246638544910606e-01
7.297702489881472410e-01
7.745059213510652185e-03
3.192298539926667900e-01
