8.408762885128790998e-01
6.611518649921003243e-01
-1.937242339304923178e-04
-7.672034567040959541e-01
-4.703195517972831308e-01
-3.923774917908970927e-01
5.114509581240886948e-01
-8.119216338501393793e-01
1.859551093375266806e-01
-5.568773298501767943e-01
-5.127900612444262762e-01
8.221776146384831563e-01
-5.841397377498966925e-01
-2.255016120236232879e-01
4.121495046524761285e-01
-3.395573107694702664e-01
-2.689911496458181617e-01
-5.789770290604685510e-01
-9.430753826484166158e-01
3.684751394191421170e-01
-8.759650640212530703e-01
-9.635618643573697906e-01
4.708512113243656372e-01
-6.981007536357375365e-01
8.598413591430842384e-01
4.012776422467434490e-01
4.727043280552585269e-01
9.282047459806515022e-01
-7.720349748196131401e-03
-2.610552641304539900e-01
-1.415486449619991483e-01
-7.146751335929135696e-01
-7.860281150676431405e-01
9.499693991798943138e-01
9.212481705002741883e-01
-6.997162688625278015e-01
5.034714594534437371e-01
7.724549871381003463e-01
9.053792607489619115e-01
1.956170319071222075e-01
6.022223228958907271e-01
-4.667110550951144576e-01
6.028771495426661353e-01
3.805715020962157080e-01
9.538016034112515307e-01
8.181118056012675055e-01
-5.775338645702698948e-02
-5.508810293383641365e-01
-4.788805531925555137e-01
4.299381017068177879e-01
8.748221508357101328e-01
-9.682457839562730317e-01
6.670488260828151272e-01
-3.740873340776653677e-01
9.731110208928910321e-01
-9.014392185722976958e-01
-6.736687887313206335e-01
7.998092174761126660e-01
-5.359020797669411529e-01
2.548457889775452845e-01
9.575323727255180550e-02
2.430971751900139477e-01
-6.043168525441395822e-01
2.095776386244767586e-01
6.472021208332370268e-01
-7.167122710822955156e-01
-7.964541103034209479e-01
-4.427294097445613197e-01
-8.810933005456387246e-01
-1.097298715709895678e-01
1.298266065654558599e-01
6.599280053403941970e-01
1.000000000000000000e+00
3.079719420903344052e-01
4.066627515793066472e-01
-2.213827450372667371e-01
7.204486803643495030e-01
7.546760919291732872e-01
7.759983503740517374e-01
-2.034468708330685605e-01
-2.306524283195774405e-01
-6.796029745905731723e-01
5.712760973944912557e-01
3.866540537554641332e-03
6.078262241462102367e-01
-9.130709569385044855e-01
-9.172339969151961370e-01
1.193968012676296375e-01
-6.073469514754610277e-01
-1.071378642864753150e-01
-4.860042620071507447e-01
-5.528247830005819097e-01
7.001360586158404953e-01
6.319054852791312626e-01
-3.341680996158435946e-01
-4.253600491405791217e-01
-1.500486124089874806e-01
-8.819741618253693627e-01
-7.772116197549867600e-01
-3.425733199139358032e-01
-7.513040510606177058e-01
-2.626452885579448893e-01
1.046512214326971169e-01
-1.567081699709107490e-01
-2.477765946450838364e-02
6.340260655022142977e-01
5.780516698971673861e-01
8.097084346006639954e-01
4.505782057112890371e-01
-8.068704343207171448e-01
3.044682629566299870e-01
2.152944688970346299e-01
-7.308043397908581262e-02
8.024892743263678518e-02
5.764690262732706794e-01
9.703074061854004562e-01
-4.044339510991248332e-01
5.239848788548773229e-02
5.810961975272408431e-01
1.245580264541064075e-01
2.625622959908575638e-01
-1.566057772109166191e-01
7.234202913235918686e-01
9.662512192039853787e-01
3.500109987800190670e-01
-9.962263708749949931e-01
-8.198405925323657417e-01
-9.672427632605542502e-01
-1.753707704909257536e-02
8.614992893671333807e-01
-2.429575508762595870e-01
4.698037641994967650e-01
4.573571276891053722e-02
8.271134456183144579e-01
-5.000076887738291731e-01
-3.623599407928679295e-01
-2.361506854175019487e-01
-8.329283470609074591e-01
-1.802174943388403783e-01
-4.723344178893897904e-01
8.585346621317269111e-02
-8.064568768875113314e-01
-2.431604550967629841e-01
6.635766475573465772e-01
6.560861140200120456e-01
-7.376591896273052562e-01
3.775550330123587095e-01
-8.619747747449031383e-01
7.384776195373137231e-01
1.466511443593934150e-01
7.859713560897785278e-01
-4.238915236314921842e-01
2.740278812551437682e-01
5.209433015510449572e-01
9.374723850754842491e-01
6.444552326400527775e-01
-8.514785502656034843e-01
-3.241325221041062576e-01
-7.094841197973551505e-01
-2.167475004754360057e-01
6.958189512213104333e-01
2.375518096385962341e-01
-4.775898236287980936e-01
-4.590961523107963682e-01
-7.309237794070078120e-01
8.329047399672846463e-01
3.996767253758075622e-01
7.749188979782803965e-01
-3.434513756066190915e-01
3.683508362643355127e-01
3.731841540852860462e-01
-8.872852737123004818e-01
5.755443536581152930e-01
-1.497602868155361033e-01
5.364424935981659814e-03
3.452034735231965801e-01
6.592821471974816827e-01
-6.504331450685754135e-01
-1.191017846096571464e-01
2.195510873949398645e-01
-6.430840145080634063e-01
1.270802538622481936e-01
-7.291073309469209285e-02
5.521583724488303702e-01
5.559966039024255569e-01
-2.561855974450715223e-01
-6.692039795369357780e-01
6.177750551085892106e-01
-2.889574098828147086e-01
-8.583807999330266281e-01
-9.368374886147095015e-01
1.000000000000000000e+00
9.647336412093672209e-01
3.648974002535477767e-01
-9.928251676677968263e-01
-5.307417327451497968e-01
8.039197804343474196e-01
2.113207390590690071e-01
4.080450251310618892e-01
1.148589760741718369e-01
-4.047134619345384987e-01
6.897798018528489283e-01
4.515175213674970656e-01
-2.037417548249882415e-01
-8.852286681161802839e-01
-8.054709665643757788e-01
5.077113684284018102e-01
1.466227351259781209e-01
1.760982039381166486e-01
-5.619907979768106188e-01
-4.300529102617483002e-01
-9.322438454450221457e-01
-9.162938960600255367e-01
6.552962867601075381e-01
8.099657045248276344e-01
5.285200296997103475e-01
-4.432243758951146528e-01
2.095221075669380095e-01
5.251393217662614354e-01
1.467671250786071191e-01
9.029455752886401676e-01
8.382412952875324397e-01
5.685367611257330367e-01
-1.576345902937728027e-01
-4.241770705753602488e-01
8.908536814096634782e-01
-1.528353331586200792e-01
-5.695607466141985320e-01
2.890316555555765277e-01
-3.076495250306321427e-01
-8.096452416152284393e-01
5.846532602586276273e-01
-2.538508154285801233e-02
-2.555894890634047290e-01
3.005639355816720482e-01
-3.335922095695718070e-01
2.432032850588425887e-01
6.344922819248923762e-01
-8.715462799249218406e-01
8.695695900785056498e-01
-1.918058181116144567e-01
-9.883086970587795506e-02
-9.340082412043160254e-02
1.334030602443312397e-01
8.785183129956499748e-01
4.192224409703322330e-01
-6.166422008795822141e-01
6.873052958419678671e-01
5.151120141449450074e-02
1.029503941994787120e-01
-1.162639130268319221e-01
8.785615514944793425e-01
3.067978356640495008e-01
-7.729718596243564388e-01
7.984396661524464367e-01
-7.349557867725358129e-01
-5.203753880342736338e-01
9.349895328376442993e-01
5.985535450390144785e-01
6.463506440999822189e-01
-6.287243239417956708e-01
-8.449879704390192980e-01
-8.845055221536375356e-01
-1.285204816340925205e-01
1.778181109198107013e-01
