2.827223604316022598e-01
9.964351156975532753e-01
-2.916713778654294043e-01
-9.038754118989134057e-01
-3.843501022447204374e-01
-5.557281109038272326e-01
-8.767804025059187101e-01
-3.672396648039086831e-01
-9.586733765893513670e-01
-6.734612602972660511e-01
3.313065961256305147e-01
-4.593400065804156274e-01
-4.043784346426351206e-01
5.509790993897170086e-01
-6.843480466617313240e-01
4.653958054047553361e-01
8.095845503275593824e-01
-3.573398565977572439e-01
5.262302719986722277e-01
5.172623821767992069e-01
-5.084846014126229718e-01
2.642712448070612119e-01
-5.680870202645076361e-01
-3.454380854695637826e-01
-1.031516472638200899e-01
7.845404650101843735e-01
-3.514068946365296320e-01
-7.178378073960602901e-01
5.499181668629156139e-01
9.502843292757159332e-01
8.724049344605944167e-01
-4.642728471390085154e-01
-2.451832367524553469e-01
-7.228343856450523131e-01
5.521040638180858551e-01
-4.470327610317497147e-01
6.544605402015104545e-01
-2.714100090745614757e-01
-9.270672163319630954e-01
2.321888737428867699e-01
6.056968882857658443e-01
1.757863068659939465e-01
9.491090106675703630e-02
-2.892467906833027236e-01
-7.281552446973973414e-01
6.406063964736794514e-01
-1.637407910677002310e-01
1.282029578038523798e-01
-5.777420114901790082e-01
-1.795711832942097352e-01
8.894831288883653375e-01
-1.410666178059734044e-01
-1.482438681328712704e-02
8.869067785453785824e-01
-1.308247474528423382e-02
8.580748739204768771e-01
-8.904155106830387023e-01
-2.649379820298836119e-01
3.685182354633238511e-01
7.261604635089400350e-01
9.302021936001865221e-01
-8.146579273753213890e-01
4.842481259446493880e-01
-4.956063603812410623e-01
-9.758265132999022207e-02
4.999905978343734958e-01
7.712234450162136490e-02
5.236682710772555538e-01
-7.843994475460593918e-01
2.725996199354581151e-01
-9.464296811616978999e-02
-7.105860888898103411e-01
-3.740338664405862268e-01
4.437942048075280699e-01
-9.818449164598974654e-01
-9.608658210073899308e-01
-8.655241373325768262e-01
-1.517353743630018847e-01
9.972093424188617217e-01
-7.115577152002092731e-01
6.754317564057730205e-01
1.062648718805649928e-01
-5.313901045219093788e-01
7.095879304004264476e-01
6.500678355405080655e-01
6.193968735838115691e-01
4.550984205114103620e-01
-4.920857238134777045e-01
-8.481924563273859352e-01
-1.902089176225874034e-02
-3.616621730967279902e-01
-9.947984320545604220e-01
-9.672240520340940062e-01
-2.545166930653901538e-01
1.920409269240574979e-01
3.029103266567689801e-01
-3.188857404497960069e-01
9.096190985906131843e-01
-6.803019469531561558e-01
-5.000901225161769048e-02
6.946111857429981828e-01
5.286712696471596029e-01
-3.980196308907948399e-01
-5.858563509432677119e-01
-4.542566974295516591e-01
-8.521100522141424882e-01
7.426797361869745817e-01
-3.086626610556508776e-01
-5.994618570092191678e-01
3.221601293026477020e-01
2.129281358387984380e-01
8.562251110718952507e-01
-3.719125807317129606e-01
-2.383302465735392950e-01
3.124642159070727399e-01
-5.705145558489375102e-01
-7.717493744501484620e-01
-4.554815455443852468e-01
-8.596544886532466734e-01
7.615432632107554944e-01
-3.085627608560803647e-01
-9.189851957282977324e-01
1.260715429997256720e-01
1.912791299352554208e-01
6.959979106952194350e-01
-8.875859711238576200e-01
-9.798138771489479648e-01
5.018021924786439936e-01
9.314507683731101384e-01
5.145781057126683766e-01
6.378073871828426888e-03
4.047550861796007649e-01
1.115816915303586843e-01
9.524852074260443668e-01
-8.803068686700212808e-01
4.389485910134791613e-01
7.815410379466933843e-01
2.372638473514607771e-01
-4.298408184873350191e-01
7.169630997842066922e-01
-8.683133883874361025e-02
9.869230405197937372e-03
2.014756060572042706e-01
5.883284741681684693e-01
1.374007617856591867e-01
-1.991344978786329101e-01
9.516602340901638701e-01
3.491316134594688592e-01
6.841061467122546702e-01
5.615227386106709240e-01
-1.227528542000642098e-01
4.231954682271910073e-02
-4.821860382106086806e-01
-1.832876618006415992e-01
-4.553169422349452322e-01
6.390515105584795297e-01
5.725035079833646900e-01
-3.976432555086613085e-01
-2.126009780491002754e-01
9.960611075814029824e-01
2.393262323336617925e-01
6.006974010187542401e-01
-8.075546412190928169e-01
-5.245914689646409279e-01
-6.396113293784733145e-02
4.723701229827896864e-01
9.437487780557716199e-01
-6.239533182174292758e-01
8.158172314028511174e-01
-4.500357348934931334e-01
-9.814869844519342745e-01
2.801474016768423780e-01
3.810574036991971614e-01
-7.258915157408414309e-01
2.232986800433331975e-01
-8.050565065056798364e-01
7.188025108901421323e-01
1.497569801402478529e-01
5.621580858815995452e-01
4.691278356046868492e-01
5.295048786606530999e-01
7.131076878382649475e-01
-4.986737265890768267e-01
-7.165097377313700555e-01
6.688117158514177429e-01
7.818417951263612053e-02
-1.602901523937827477e-03
-5.876924819321516225e-02
6.374670806817117619e-01
-2.536291283111564709e-01
-8.584285469835093441e-01
2.491831226736165306e-01
1.088502640263890875e-01
3.396886707885271584e-01
9.290381182586195941e-01
5.063248939654960701e-01
-7.891362962752794807e-01
3.082266361126080323e-01
-2.445214103691215612e-01
-1.799988785361477106e-01
-9.573530276860575672e-01
9.605156686593696591e-01
6.804113692621904796e-02
-6.377094699763279362e-01
8.457531839277359076e-01
-3.507480636596984613e-01
5.417812833581856502e-01
-6.327432036776836632e-01
1.441030984781246360e-01
5.986259080752294182e-01
4.553371885232788685e-01
-6.296119093360137420e-01
-3.904532949154977395e-01
9.067381009276525017e-01
-6.910865716443714835e-01
5.919623430750158288e-01
3.839872959968460009e-01
7.072216586065773747e-01
5.406429587272669757e-01
8.694254587002769874e-01
-9.920278515787861462e-01
3.455934526219062164e-01
9.654155278486467040e-01
2.729229325742410506e-01
3.654889077179803714e-01
-8.992415935204494115e-01
-2.445827888386897797e-02
-6.646027226135173827e-01
-1.755006137632670882e-01
-3.027340160536515778e-01
5.875594680808626791e-02
8.631914675974712292e-01
8.215523548285030841e-02
8.672997948265419588e-01
-5.557729136982474394e-01
-6.996587042736295281e-01
9.203508370038975261e-01
-8.654768994459864917e-01
2.462095441761698034e-01
4.844992257571445471e-02
6.853486796648462498e-01
-9.170772249567900047e-01
-8.005507687816049156e-03
4.021859628967847655e-01
9.558521263812458368e-01
2.053662917768324103e-01
6.241452892179921719e-03
4.674546717932754891e-01
3.788458978164976898e-01
2.585892280056412140e-01
-1.322867349992500330e-01
9.856220561638475708e-01
4.561044092637154268e-01
7.581435706293777610e-01
2.337744276016706646e-01
5.632182494311657184e-01
-6.074227927707174235e-01
-9.490961029736864063e-01
7.222055051636839806e-01
2.802374922227202081e-01
-9.965262177573628311e-01
1.649538677053996594e-02
-4.087709576893567842e-01
-5.725197215309538734e-01
4.697156122641088505e-01
