-8.731940435966059066e-01
-5.223261347488654671e-01
-4.825695194562615864e-01
-1.000000000000000000e+00
1.756569848542488543e-01
-9.352544470833361601e-01
-8.474912230588438344e-01
-9.638603837926078555e-01
-7.181584558497968729e-01
9.597234774708767180e-01
-9.683666102261501152e-01
-3.765856886794805014e-01
-2.441588928211553544e-01
9.026663719506883288e-01
3.552334208320239162e-01
3.957983267245757109e-01
-3.727589099706780096e-01
5.823717906415037948e-01
-7.893937044787249224e-01
7.123994587208977158e-01
1.000000000000000000e+00
2.236935106078863367e-01
-6.610764714556369714e-01
3.147344028070982458e-01
-3.721661883896221212e-01
-9.358773100370381126e-01
-7.509639962056253726e-01
-5.300714670214745627e-01
-5.441428979631917073e-01
-1.105485157686516562e-01
2.944568819638246904e-01
9.814222904216045318e-02
-9.742013765295924888e-01
-5.464842517327237470e-01
-2.704878944421551523e-02
6.276728844234091831e-01
-8.665552687301250612e-02
4.893563402587264299e-02
-7.472361333913108972e-01
2.321497897616248696e-01
2.671185308316552653e-01
-4.787649843876708999e-01
4.230980826059285160e-01
-5.164224410300715107e-01
3.693512920388710707e-01
-9.076529488870066498e-01
-8.391764283072247199e-01
3.847872796525029226e-01
6.420060260739068880e-02
-4.430269632800256652e-01
4.733623005060190181e-01
2.990450950601200586e-01
1.932586161356606436e-01
-8.833821004139992272e-01
-2.805871846779686152e-01
-6.597232189244452982e-01
-6.280911094254413296e-01
8.116758289788503777e-01
-3.723681242853986717e-01
-1.584357114742370454e-01
4.206615680973764260e-01
-3.234653956732373992e-01
5.016146921477229181e-01
4.581284604340001287e-01
-2.877887457102423774e-02
8.178252626436632866e-02
-8.221855558114743445e-02
-7.672517490298264020e-01
5.536039107864281217e-01
3.972616174025286884e-01
1.000000000000000000e+00
-5.868386516532309027e-01
-5.624497721340491196e-01
-4.824538477244593171e-01
-8.453458856389935994e-01
6.070459905621372609e-01
-1.092361806877346631e-01
8.122818638090811838e-02
2.683774508071140041e-01
4.962798134148334039e-01
-8.297148247886352301e-01
5.138495225430506075e-02
-8.450249354260785939e-01
-5.956800771839427799e-01
-3.425785072723064317e-02
5.439580397092469433e-02
1.969062064460695982e-01
7.463322302326742541e-01
-1.429593156351997019e-01
-6.360809759625098980e-01
-1.030018196908063788e-01
4.799396520816761047e-01
8.637185293952127640e-01
-7.296451709720348511e-01
-2.973084621817347895e-01
9.721997811031930503e-01
-2.780205329954287818e-01
6.488136703399500771e-01
5.008794310315738407e-01
-8.010066121935608408e-01
-2.290794363483569518e-01
7.967010929213178549e-01
5.217839945126823142e-01
5.954437011873141561e-01
5.199705636817526511e-01
4.128223085326147013e-01
1.024640272222843151e-02
1.289319183311211370e-01
-9.799161928420609957e-01
-1.731386792437480393e-01
2.006255967373844484e-01
3.531198048727657302e-01
4.447469722060892749e-01
-2.944513605297454650e-01
-6.843020314564252082e-02
-9.456614848249800254e-01
-9.279262296568486779e-01
9.447198729507539916e-01
-9.087011255176480340e-01
-9.072856253193373188e-01
-1.476381943740605607e-01
5.464640884630371787e-01
7.073862322675796843e-01
8.487426422073101051e-01
-3.778663999410527552e-01
-8.345745814751330816e-01
-6.372517928057872538e-01
-1.463416394125084397e-01
9.934995241169153335e-01
1.383847852580974980e-01
5.010188108923196992e-01
-1.269542489982971034e-01
3.015326470030554873e-01
-7.534289099946787083e-01
3.270126271932659590e-01
4.586986503569778217e-01
7.173306911272581132e-02
8.424683988191203898e-01
5.708853716711355109e-01
-2.390398297306719488e-01
8.648456173100569355e-01
-6.276478238338585314e-01
5.317472954848156963e-01
7.657829964338691564e-01
9.893581285998265251e-01
2.361966031855353698e-01
2.902412181240174305e-01
-5.459241892925388306e-01
4.674612848607329063e-01
2.501452554697987107e-01
9.378388943613826800e-01
3.596469219211579915e-01
-5.794915508771830703e-01
1.922868938904374048e-01
-1.963274734730283688e-01
4.151339232339334995e-01
-9.933659900838252010e-01
-7.313784699937006528e-02
3.549219596709904945e-01
1.707130800150577499e-01
2.949398127403579650e-02
7.728009073458312894e-01
-4.279308309500311491e-01
7.834085495311782221e-01
4.047928855305343854e-01
5.958481279172964662e-01
5.414691686753114741e-01
8.948468275492604818e-01
-2.740214756136243324e-01
9.719963630815912081e-01
-5.290946527520921094e-01
9.426659838129407554e-01
7.826234599950578907e-01
4.222122751610244418e-01
6.123716228077840107e-01
6.620932718630800906e-02
7.621321454445408872e-01
-5.660774040781189065e-01
6.391089213956562265e-01
5.401990823923865648e-01
-2.888193272075783580e-01
2.615803595105949952e-01
-1.842184146768000019e-02
-1.676531595673813047e-01
2.377259058636627120e-01
6.770826390002233630e-01
5.321425754672104436e-01
-3.250630933239406772e-03
6.905015946025732099e-01
-6.107393485264411837e-02
4.985519659574653151e-01
-1.215155529669875722e-01
2.456810665250775960e-01
-4.450127758573552139e-01
-6.815251619569471231e-01
2.526697128639860401e-01
-9.361752400961657061e-01
-6.491893048146774037e-01
4.294907937586481261e-01
-8.643525515414558491e-01
-3.989943652145969133e-02
-3.639611994749252233e-01
-2.148272507817396981e-01
-5.605094893160309510e-01
6.119042783101942273e-01
1.059984085105018618e-02
-9.585156730579678097e-01
-7.869838997432059280e-01
3.327181213586547504e-01
6.974404077649598577e-02
-5.983891947060344663e-01
-4.497837113431730760e-01
9.829183458964012576e-01
4.525913999431725454e-01
-2.031947089528756967e-01
1.950755206988270818e-01
-2.197988029224657858e-01
1.828624396680738062e-01
9.440076396253973545e-01
-5.841452015484005500e-01
9.906339957826619802e-01
-6.266208170643736697e-01
-5.801423897049404754e-01
5.265244173271064199e-01
-4.624634634085555973e-02
-7.387759212661468844e-01
-3.474066658739252134e-01
-2.654833060037387615e-01
5.363857801950971949e-01
-2.910045296434844442e-01
-2.455131279634641395e-01
-5.790206057379805316e-01
-4.412614971005532905e-01
1.364275652627626734e-01
-6.527114930096163947e-01
-3.667238458412891422e-01
5.567365182666041967e-01
9.554398601883566933e-01
8.270776472190435324e-01
-4.127805319796928885e-02
-9.454775114038203032e-01
5.407848708506501900e-02
4.299410454528986847e-01
3.661987708382219431e-01
-1.000000000000000000e+00
4.983605363418295298e-01
-2.372043968944093084e-01
3.225873157606262698e-01
-8.144756000002419949e-01
-3.840981506029961245e-01
2.076341779199883941e-01
-6.058745965934788646e-01
-1.052204832573306881e-01
1.403024858425478971e-01
-5.373791273995121021e-01
-3.860980175181416563e-01
6.696696948965257246e-01
5.585534007615640117e-01
9.904058505066979379e-01
-6.057386405017717301e-02
-5.602654827146962280e-01
-8.670304629491254467e-02
8.569632081233773402e-01
-8.855615810165087254e-01
1.103117812810370246e-01
