4.848456619995477612e-01
3.786438972252221813e-01
8.518913230329636654e-01
6.681292433485106486e-01
-3.756190303850086565e-01
3.988885943420232838e-01
4.977479235185164885e-01
9.480686049723447972e-01
8.329401578513853099e-01
7.539817682794367482e-01
2.685084584600226920e-01
-4.869573652623633286e-01
-7.693390872879806164e-01
9.787700227790141483e-01
1.250941053855344209e-01
4.948811035385594082e-01
-3.587802750559696552e-01
-7.364623855992264989e-01
9.692095041869630556e-01
-3.489085351703120619e-01
-1.351983038353039568e-01
-5.521269363665648466e-01
5.746008763782608497e-01
-3.281181224651854578e-01
-2.208286564328452162e-01
-4.929240043846656594e-01
-9.634202450722908484e-01
9.637216002004926896e-01
2.031571475099425150e-01
7.959371443109275468e-01
-3.735564243067091006e-02
-4.848295343832009774e-01
-1.701657699845937621e-02
-7.537560097846855989e-01
8.065696879673505126e-01
8.581097509131394574e-01
1.930233527874978261e-01
-8.297151947677767758e-01
2.090886668041262997e-01
7.366798926516848756e-01
3.362054130568687960e-01
-7.464762344834894314e-01
-2.611421558336248783e-01
-6.229412722368190547e-01
7.867252704899549975e-01
-2.688159802324920911e-01
7.518148777952755601e-01
-3.022464788656489820e-01
-1.492489523745055280e-01
8.652736494141576029e-02
8.270045888306574167e-01
-6.131049338020327921e-01
6.193503759922021068e-01
-3.736168550960705659e-04
6.873679425179708424e-01
-4.730794304938593653e-01
2.352171729632026587e-01
1.464630745578781867e-01
9.131928954889394490e-01
-1.982704921447147051e-01
-1.056883330606666338e-01
-1.034470819327639735e-01
9.556771965355439491e-01
-1.714602979238322722e-01
-3.521718573724594847e-01
-6.719984492056046976e-01
-2.813317808056798458e-02
8.767675413773534654e-01
-3.828756424569583761e-01
-2.743085901919373182e-01
-1.307441692042679016e-01
-8.940084382262400986e-01
9.725679157619480097e-01
5.833468158205177279e-01
-4.689972769980266243e-01
-4.045246588436488544e-01
2.700496037234882962e-01
6.310288910416099739e-01
3.917962914295489707e-01
-8.024757588611350911e-01
-3.951771055016333190e-01
-5.084435440095316228e-01
7.095022542267284127e-01
-6.698099371925574363e-01
-4.152210458400263510e-02
-3.431416956089554660e-01
-2.657800965602481469e-01
1.770524195401634304e-01
5.284177435644021870e-03
-4.435103621430607213e-01
-5.355217516087018570e-01
4.993315849219353009e-01
-3.057198602354915806e-01
8.187134923952053001e-01
-2.425249767265489353e-01
5.663353997066448292e-02
3.840667461809794681e-01
6.541040770750412570e-01
-9.322726099819655943e-03
8.783436400599233806e-01
3.919874763167845444e-01
9.872130162769949813e-01
7.120831587654756767e-01
6.343712991504077969e-01
-1.104422016748305563e-01
-9.112302886993697282e-01
-5.413986237179526650e-01
-2.355804239795755706e-02
3.616846537193982858e-01
2.271608872782883148e-01
7.571582880210365740e-01
7.365059036788723645e-02
3.461606713700755567e-01
-3.061060741049408396e-01
5.664148377673685619e-01
-6.216988375691601121e-02
-2.319830436288212727e-01
9.935037897611342927e-02
4.293599116701647400e-01
2.648280326565379816e-01
-3.186706651199466833e-03
9.452857438970074799e-01
-4.248922327355872941e-01
3.886475374079267908e-03
-4.897603563359334000e-01
-9.346427072041194606e-01
-4.653119424758200284e-01
-2.645165202663233295e-01
9.194777805587965869e-01
-4.107217020267788232e-01
-1.714044821748386127e-01
7.079001032355880518e-01
-5.162630885231389577e-02
-2.878980634658305782e-01
1.973065330264294204e-01
4.609297682452173639e-02
-3.069236610883038230e-01
2.211574795513702174e-01
-4.826681018413856439e-01
-4.818194585961399490e-01
-1.295445629052364156e-01
-6.130230685869717533e-01
-7.892456171920010366e-01
9.649523230369260185e-01
-1.999840037584607322e-01
9.911329100873008668e-01
-1.989682428917973755e-01
2.591996416864756902e-01
1.083699419950565623e-01
5.339371929706140385e-01
9.291909405116339782e-01
-2.217744502111589355e-01
2.061719799714828993e-01
1.582568605848277965e-01
3.805793387651132953e-01
9.174952208044344637e-01
-9.785698772321065331e-01
-4.413802629006755573e-01
8.727043595558831024e-01
9.529153946409036902e-01
-5.562091765663093046e-01
9.730531270657028636e-03
8.523111581009565896e-01
-6.508962031627081313e-01
-7.088367257056709114e-01
-2.967277728966344341e-02
9.006434366720776907e-01
-1.507581364600738549e-01
-5.744754924667594409e-01
-3.635435556368873389e-01
-3.597083224790758038e-01
2.166910673532385090e-02
-1.614752733535341489e-01
-9.210255451568536422e-01
5.842589567485854118e-01
7.836485899951948220e-01
-7.756028571232893576e-01
4.938420293620724433e-01
9.031546961074388147e-01
-1.658855706979365241e-01
6.665616554579663067e-01
4.525606728110025956e-01
7.211022638808870511e-01
-7.437580050269874121e-01
-5.031179006380057661e-01
5.607237358690242424e-02
-8.323092956327928782e-01
5.982762242617747361e-01
-7.253461852426759116e-01
-6.099107589669783280e-02
4.535106642267807686e-01
2.869329896139061198e-01
-6.972291654900018010e-01
-3.184458992109311382e-01
5.191275154907437628e-01
1.582291709333969454e-01
8.135089967694344448e-01
2.817596762469680716e-01
8.918691499880682105e-01
-1.383954011995560673e-01
4.879705243692102901e-01
7.957070023883467957e-01
8.202764673789708638e-01
6.657469299478953051e-01
-4.772952780072859946e-01
9.414693128202733519e-01
-4.734724004150270282e-01
8.528922372117677675e-01
4.915765193616781215e-01
-9.603426519006919015e-01
-1.328494899171510091e-01
1.482056082133458297e-01
-9.368927409515506177e-01
5.408560670085351685e-01
5.564562213709891569e-01
1.005929038195063976e-02
3.496677151277536866e-01
-7.309605113357720008e-01
-6.162393873192975047e-01
5.846301837780643051e-01
-2.771483620951944449e-01
9.505787275412240778e-01
7.612858556278132571e-01
9.879149387810994831e-01
-5.702061582380828497e-01
8.063161940170586739e-01
-1.118079514855227774e-01
2.215267115427609346e-01
6.734688564028632474e-01
7.708563081308617004e-01
7.612880838535660555e-01
1.707967341086367163e-01
1.599419090065572202e-01
5.080357433715346760e-01
-2.662453335157772827e-01
-8.635688980362608014e-01
-2.007556879208882705e-02
-2.253190499915926903e-01
1.565580210117323290e-03
5.676661864780432332e-01
3.379266145863988324e-01
3.616940644455868270e-01
-8.188455749228920055e-01
-5.155724693500747247e-01
9.051605648309672958e-01
-2.239104240487699293e-02
-1.584231281518564405e-01
-3.340811607024256613e-01
6.559349990574219191e-01
1.000000000000000000e+00
-4.035185387525244138e-01
8.279515455276720282e-01
7.648838390945205123e-01
-3.608178855519423300e-01
5.717852753674670385e-01
-3.100355529318585962e-02
6.714904224008750866e-01
-4.100653220143763988e-01
2.940333252171112299e-02
1.106133198602765599e-01
-7.635426389027770711e-01
3.160683117547358201e-01
-5.969470276079509308e-01
5.806029965862666842e-01
1.115944290837993513e-01
