4.835734768994925936e-02
-1.779565536357937128e-01
-8.453853710769025920e-01
-3.832315897352471801e-01
7.541058557402671170e-01
4.461447405417811041e-01
5.391494865132251402e-01
2.220912867958650949e-01
-8.326472072613122499e-02
7.486233214191049257e-01
3.847519465910096415e-01
-1.201632448185143698e-01
-9.064942634076957884e-01
-3.473779955351150583e-01
-1.684190839315107269e-01
-5.135364253968475179e-01
6.012614859118292632e-01
-3.976667398697746325e-01
1.556891587748259198e-01
7.988491012488239118e-01
8.920028033356262043e-01
2.457315689905004985e-01
2.326582973801334941e-01
-9.431856169345620433e-01
-4.992521822216855476e-02
-7.342606201723120840e-01
1.713862654056552692e-01
2.643448633909122325e-01
3.573874998077708476e-01
-7.330010354180689358e-01
-2.366552701886863730e-01
-2.058490707306406264e-01
4.910424558421999652e-01
-7.519253940309642559e-01
6.954989586191270279e-01
6.806923219300931027e-01
-6.889454918779875925e-01
6.400937771241124175e-01
-1.955447240192254021e-02
3.418052593200883171e-01
-2.404491324575763755e-03
-7.729074905363453318e-01
-9.014894755854987451e-01
-1.282289274032388793e-01
7.789674148806906562e-01
2.020823363298112074e-01
9.533394270779904645e-01
-5.579561715603347238e-01
2.559421615913091141e-01
2.393381076618039671e-02
2.440359822445243854e-01
7.362677928943514027e-01
7.309104154994303659e-01
2.324916236720875884e-01
1.430875329764902393e-01
-9.440982978418002158e-01
9.501861170645045096e-01
-2.902418836730958351e-01
-5.562971206503781740e-01
3.110804699382008209e-01
-5.404259588341275844e-01
-1.000000000000000000e+00
-6.274130270557201072e-01
4.916734832682305711e-01
4.176173009076804554e-01
-5.749810020059655802e-01
7.154399036091272368e-01
2.372092728636074899e-01
8.966312521115105127e-01
7.781041575306890667e-01
-6.518368613168479264e-01
9.121232739189513161e-01
3.718877606329586971e-01
-2.263106353306296725e-01
1.881141358554860865e-02
-8.301302528096627942e-01
4.485314956354906624e-01
-7.612699471767929715e-01
4.604268064846255282e-01
-9.911549023033856542e-01
-7.582707614425876486e-02
2.178561704699102375e-01
-6.042583234688709837e-01
-9.098072010939095566e-01
-5.255201252336334505e-01
3.920958386317174305e-01
3.779164860985975150e-01
-1.207110283716759103e-01
-6.824663876847631983e-01
-1.954032013256810085e-01
2.042479950872393424e-01
-4.027234351306276938e-01
-8.144386418201212674e-01
2.316396361229964285e-01
7.521682074253634998e-01
-2.992983620634110942e-01
-4.396471844204454804e-01
7.920151231526342261e-01
-9.847691942084051409e-01
3.736460771634615430e-01
1.000733729772920189e-01
7.581579867442114207e-01
-9.250569295562027783e-01
1.633293017843234218e-01
7.990396214776314121e-01
9.185063436294196859e-02
2.138351689560571423e-01
-1.470534420020326305e-01
-6.115233470288372608e-02
-6.925134961547847468e-01
-2.763157316101931826e-01
6.407369778951903516e-01
9.085725779094158128e-01
9.558885810874828692e-03
1.360703116475199259e-01
1.527114134021949621e-01
6.702477548657812534e-01
-1.763001661286409671e-01
-9.934159703226679294e-01
9.462437293170034014e-01
9.477231997337252078e-01
3.858766468730796539e-01
4.567827247671463198e-01
-6.488831877778532542e-01
1.776359003239151857e-01
3.392704823237586709e-01
-6.943553583683854669e-01
-9.003034197471626587e-01
5.662992517391949310e-01
-2.349246271827845067e-01
-7.938255748271634271e-01
3.193151939827423291e-01
-2.919162876629746162e-01
6.861731079264763444e-01
-5.941880534736980746e-01
-4.625939450687370780e-01
-8.393528988636891341e-01
6.406537931265028352e-01
9.569646043022692616e-01
5.673410202712858563e-01
-7.919948756414718627e-01
9.082225077828034454e-01
3.428283413860968576e-01
5.801623086232231552e-01
-7.790649767869064490e-01
-9.457190983697305597e-02
9.322296083489025609e-01
6.753960931741178619e-01
-7.187241780433817340e-01
7.930067928649628950e-01
-5.918689235996799081e-01
9.886311390647839481e-02
3.417529809135038121e-01
-8.151217065538193252e-01
-2.309087593617176193e-01
8.828784558822484474e-01
-6.874807543654499753e-01
-7.381895811932914775e-01
-9.972926993050470479e-01
-8.168470447046378702e-01
-4.347942184144158728e-02
9.239611202518478450e-01
9.461100064998153591e-01
-9.226619812077980765e-01
-6.143575458297170222e-01
-4.266055915377746643e-01
8.874446261866184571e-01
3.372644657667267509e-02
6.006621085566046236e-01
3.070819759306586683e-02
-4.021464797195222207e-01
8.175239673071811319e-01
2.563826367694983510e-01
5.436086027953990207e-01
-5.914594133039827728e-01
-9.173155171183415835e-01
4.919527870332520703e-01
-2.721037917097950398e-01
7.517192245807200468e-01
-5.729149539840150407e-01
4.381188692393834794e-01
8.381163889877316642e-01
-1.212817401435556941e-01
7.518895682486992360e-01
-9.281122651106676891e-01
2.025750546543700903e-01
8.100959189170779950e-01
-2.466710457218364017e-01
-6.567984433952951395e-01
8.429109270948979826e-02
-4.459789430421157164e-02
9.190746910981548723e-01
-3.403851035481977316e-01
-5.568155319738845588e-01
6.991874451366233423e-01
5.506681033762437227e-01
-8.486190225548497779e-01
9.965970078356334305e-02
8.383376271995259810e-01
5.142665959169698819e-01
3.678004425883885098e-01
-3.266314034202790761e-01
-5.178767225603737590e-01
-2.090918373397965269e-01
4.681666814748617345e-01
8.176284073656338025e-01
-1.468187305799508735e-01
5.315825457923800679e-01
-6.983338719911065251e-01
6.098928202623032924e-01
-4.644051458399154342e-01
-1.068492555493844032e-02
-6.852734023727045098e-01
1.066407481330635676e-01
9.184679964808355468e-01
-6.682484481983890223e-01
-6.508586371849161001e-01
5.838151196083121164e-01
-4.183509662928692752e-01
-3.198412434555499839e-01
-8.265546550059941211e-01
-5.906882383968077299e-01
6.785206607435543269e-01
-3.114646183188463091e-02
5.288229386407743426e-01
-7.822995321877055375e-01
-9.600070958647397568e-01
8.784806049003488493e-01
5.499248105564524813e-01
9.714787478304109936e-01
-8.874571671050350830e-01
7.532462831811179704e-01
-7.472962097876956200e-01
-6.945627411795172179e-01
-3.779533504860659310e-01
-9.471007012699137473e-01
-7.641490103080745833e-01
-7.256967114257251161e-02
5.574986349868771285e-01
5.973994076377299178e-01
8.228341406265589075e-01
8.905615093089691570e-02
7.636115850532279037e-01
2.609210065343522400e-01
4.337090556086220516e-02
-1.550902873978210472e-01
5.738734331867403893e-02
6.837875142973457443e-01
9.491030256245023278e-01
2.820441178880450650e-01
5.286479989872927554e-01
-2.216235774459531793e-01
8.387826664429820500e-01
5.874450263301669306e-01
-9.249307088736404836e-01
3.909228530207280450e-01
4.968616406627881510e-01
1.528659456799281724e-01
7.263088564863355856e-01
-4.809575027859234186e-01
-1.377385167689914314e-01
-7.583782886134482482e-03
7.807986818336978274e-01
4.083597778622383156e-01
5.601028403798165023e-01
