-4.723633778015619011e-01
6.878393239225122358e-03
-2.381421373657344187e-01
6.441323501953775121e-01
4.586253761940052298e-01
-7.024380051710605866e-01
-7.419084273486140635e-01
-5.358087427317965723e-01
-6.888121482869287160e-01
-8.257200931176715830e-01
4.914082046167869144e-01
-7.565859513482748877e-01
9.706095460231434213e-01
7.766688053978687556e-02
-3.482136301464875405e-01
-1.260537632343903258e-01
8.977373963891732700e-02
-2.422322892856516585e-01
9.316015959916355005e-01
8.108873528463746982e-01
-2.772469900999949832e-01
-1.516578807840633925e-01
-5.947309626804458960e-01
8.895373405529451993e-01
-2.337823732100086094e-01
8.176889377435834216e-01
8.247224918386060200e-01
9.703540347002772570e-01
7.973123476623580341e-01
4.226922332005083049e-01
-4.411121877290082871e-01
9.501172196845382167e-01
-7.860179969865517258e-01
-7.359784539436760031e-01
-9.211749972906906336e-01
7.937052006246947400e-01
2.502586094052638988e-01
-1.307108659661775363e-01
-3.469115332940968521e-01
3.516652636669204135e-02
8.710236639166963890e-01
7.712844026789014151e-01
-4.752577330363567665e-01
3.819265451252940036e-01
-9.992960065765705835e-01
5.355314858385451515e-01
-3.206419332367989594e-01
7.108243553547113347e-01
1.804331476449854699e-01
2.656297503238704838e-01
2.974606858162600620e-01
-3.641091867460679588e-01
-3.332412630702223932e-01
-8.629268836149805999e-02
3.877973249667436839e-01
-1.235533583932046930e-02
7.066907001359972185e-01
8.152748053324192501e-01
5.667497975938959875e-01
1.737047993869194340e-01
2.794478609774275757e-01
-6.042531656115233130e-01
7.128129749184075603e-01
5.834781834254711974e-01
1.212131466304897653e-01
3.164891767473432260e-01
2.313742222547501282e-01
3.717111121262908213e-01
8.098444258399584150e-02
5.799244613461664866e-01
-3.169261398446580613e-01
2.086200773724447011e-01
-7.665907953404162978e-01
5.937635275746533381e-03
-8.264600027011275163e-01
1.037352569193426000e-01
-1.343343946557968849e-01
8.389977655860654249e-01
1.301143274257228200e-01
-2.410187309408060585e-01
5.950706802252376804e-01
-5.754777168349132221e-01
7.932582447635561085e-01
-3.211047735015917226e-01
-7.264432882318623275e-01
-3.606207361157340863e-01
2.015605057523479626e-01
-4.439764350166881535e-01
7.302913879437199496e-01
6.205254816787773020e-01
8.093193406091188091e-01
-2.547297065860432141e-03
9.955494522503443022e-01
5.647987652093888755e-02
-3.684384238288140878e-01
5.102572521332091604e-01
-9.350869117683338061e-01
-6.985900436333751795e-01
-3.370568443390458135e-01
2.904243588834367618e-01
8.335496537400453043e-01
9.068589629015775255e-01
9.921751485591938646e-01
4.395209103897785852e-01
-6.009996573264493325e-01
-6.067372303912135223e-01
-5.652211317071804686e-01
8.733664847975413092e-01
4.446589657227495995e-01
4.614478453201731889e-01
-6.598049488588924039e-01
-8.564051074471352720e-01
9.080266559360885559e-01
-5.085858206459086261e-01
1.906101632370764687e-01
8.516862417769168747e-01
-9.573273173576473116e-01
-4.488565990528943228e-01
3.576596854352371846e-01
-6.442213845830133678e-01
-8.454585490079815635e-01
6.195987390603785450e-02
-8.550840603627580805e-01
-2.104163448354245958e-02
3.125290261870299346e-01
1.685563534033152067e-03
-8.137863974437118397e-01
-4.523755259311985633e-01
-2.599581630373566377e-01
1.339761875063285590e-01
9.052423993532556779e-01
-4.611162149893326401e-01
-4.065173855661978752e-01
-1.525981489930485768e-01
-6.282739863704112082e-01
-4.133295233456826256e-01
-6.556052431554657556e-01
2.364084792814085123e-01
1.470805011027662701e-01
-2.853603380021096925e-01
5.109742537904813364e-01
4.856883635282234213e-01
-4.778447086285720347e-01
-9.891365436336330141e-01
-8.165149395403159538e-01
6.102784271224028778e-01
-8.019966705907535243e-01
-4.758935374851203104e-01
9.894859508839357609e-01
3.561984465744358896e-01
-6.352797561555059147e-01
-4.388877306648777399e-01
-5.965068441230958474e-01
-1.682971868150435757e-01
1.448456467102141598e-01
1.032834966867861581e-01
8.706024432635566246e-01
7.956035973231461167e-01
1.539630388935679939e-01
-6.676392454197577209e-01
2.097406675470161463e-01
1.816645320766527849e-01
-2.468504511469258311e-01
2.801159652733413719e-01
2.571463618927038453e-01
-1.657132766712994254e-01
1.052247670100243671e-01
9.351520403951152360e-03
1.011271672207917083e-01
1.721110834342607365e-01
-3.770720471303545818e-01
8.172799798158592033e-01
6.517653172794481975e-01
4.872967087881121540e-01
7.969998628099124183e-01
-6.386464360727897027e-01
-3.416750847931615542e-01
7.615490993552793686e-01
-1.798459503390012204e-01
9.942636667306818943e-01
1.032791205562682002e-01
-3.718667177264820545e-01
-2.556987286418002103e-01
5.442949769892584388e-01
-7.650759113292349145e-01
-2.575172789514670324e-01
8.900455026839888539e-01
-8.903148820358075533e-02
-3.089537217955247161e-01
-8.633919934379779004e-01
4.786081477418735464e-01
5.890387616490733169e-01
2.339176565782086215e-03
-5.714761293126469077e-02
-5.184776541747744272e-01
-1.032382155529647516e-01
-8.046070453257763155e-01
-9.861523281954789333e-01
-3.785111147274282661e-01
-8.369447463906021234e-02
3.245664205810563363e-01
1.635839442523920884e-01
1.806808919665070512e-01
2.196314228804867597e-01
8.265867131984061533e-01
3.715517185898815633e-01
-3.144520139227808819e-01
1.843136676886399650e-01
-4.474160769737050014e-01
9.679615288457457112e-01
3.346990285710054192e-01
4.371234059325157517e-02
4.754112114888142671e-01
7.494890988564824053e-01
-7.245089926987935414e-01
-9.280061083956103740e-01
8.433940671806301470e-01
2.398921893506322789e-01
6.130647161965747660e-01
6.105776746362368002e-03
-8.738161751194650773e-01
1.313575510024504178e-01
1.327663426322078788e-01
-1.000000000000000000e+00
9.730436880570398905e-01
-7.657639437659229387e-01
-8.024631432795299446e-01
-1.754612028629356502e-01
-9.022291963227686562e-01
-2.531127507069776961e-01
-9.699145387863203904e-01
5.140727303689951455e-02
8.055960905170598263e-01
8.940889535445186720e-01
3.652787776280315701e-01
-8.701016367257206063e-01
-9.720976531014038358e-01
9.239393511226487998e-01
-7.650724894583313951e-01
-8.491333883153988626e-01
-3.596891851547869834e-01
4.391403897091497033e-01
-7.169031372965739557e-01
2.705009502184376746e-01
5.625570505926069664e-02
8.533675601243204678e-01
6.784461656438207644e-01
-3.542072737935466620e-01
6.462515849315255689e-01
6.056287853614044092e-01
-9.376746437531431333e-01
-5.578844967793674670e-01
5.083300668366514952e-01
-5.662166869262321711e-01
8.578863724266776458e-01
-5.518659317025020883e-01
1.000000000000000000e+00
-4.913956997874084909e-01
5.220792146428507863e-01
-4.043703281398547400e-01
3.524408045619074059e-01
3.415191203265854902e-02
-6.081504234950618759e-02
6.958988689911500547e-01
6.791118432680005590e-01
