-6.577207262386002284e-01
6.381754648354784898e-01
-2.425760041004281220e-01
9.551467581140962171e-01
2.410712128973686585e-01
6.980545012901486768e-01
4.822145813513387669e-01
-3.599358515962782779e-01
4.403162468933201623e-01
7.630562419547314013e-02
-4.284309205283831634e-01
1.171148639530246172e-01
2.699274080249434160e-01
-5.634015164585437496e-01
5.993073857455348818e-01
-7.104501489208354670e-01
-5.354689609284868368e-01
-5.785155950796077029e-01
9.419529074927748269e-01
5.972443458462679544e-01
-7.491465966402977017e-01
-5.806353280423219854e-01
-3.805577292903092879e-01
8.249963588252320346e-01
-5.729148174341425204e-02
-2.082910138525724264e-01
-4.659486504717677557e-01
-7.922559161609741274e-01
-4.512635319309732385e-01
-1.469998053983756492e-01
-8.881086979578900475e-01
-6.710562936781933052e-01
8.425077254009736283e-01
-8.533076137372235248e-01
9.592512493421612163e-01
5.430466609504076558e-01
8.393875550294396248e-01
4.294899484281322621e-02
6.437110867518853752e-01
4.426264939595041525e-01
7.252679796191896511e-01
-6.394578308180201009e-01
6.699794378761667613e-01
-3.663496639201730964e-01
-6.184919709456759840e-02
-8.568926403419647730e-01
-1.213701320641480397e-01
2.949117152924067842e-01
-6.886607484337434748e-01
9.473695538897506374e-01
1.453404907046151884e-02
3.917057490394786345e-01
2.866383243509522671e-01
1.668025991875343728e-02
-4.893521257319877193e-02
-4.183523250674221483e-01
-4.672975218909964368e-01
6.289369572293566080e-01
2.445009261933077660e-01
2.270558498033292683e-01
7.207302516892317712e-01
-7.344668226941839517e-01
6.962834434472759959e-01
3.084244491240897279e-01
-1.759256584917260058e-01
-1.603731721879826377e-01
-9.092332180258559937e-01
-7.667426216865433908e-01
5.773072125028289037e-01
-9.401435101276760520e-01
-2.758690983463871760e-01
-6.246013787030846309e-01
1.000000000000000000e+00
8.595394808776239959e-01
-9.231979917658758028e-01
-7.474842405450601301e-01
4.467184214438264522e-01
4.018883997206799119e-01
-1.349611604231573114e-01
-6.705298057018135305e-01
4.694905440722125789e-01
1.012352249403944970e-01
7.673680256607158245e-01
-5.142509503361878398e-01
-6.252804779786687028e-01
-4.962324703212581678e-01
-2.639663943095527099e-01
2.158649479153484929e-01
5.829533519391614238e-01
2.816136361967740420e-01
5.947152421874666306e-01
-5.252856245343484609e-02
-3.831014444216913617e-01
9.700061822872070305e-01
-6.152953007261092733e-01
1.000000000000000000e+00
9.608804191663679051e-01
6.862725989007145699e-01
2.372641719547488037e-01
8.378347872897875526e-01
-2.215596860686339653e-01
-7.079938771546678833e-01
-7.404801998303187638e-01
-3.086246967107502126e-01
8.284057750955877708e-01
6.175725761998109853e-01
-5.934328193621252190e-01
-4.378099013961538333e-01
-3.785910947038511054e-01
6.677111708889427177e-01
-7.003337504731581564e-01
-9.361342080975110225e-01
8.873139087508672418e-01
6.006522994917917746e-01
-8.423023823500359608e-01
-8.407686908695815031e-01
-6.175709278522441004e-01
-9.688480930549082659e-01
-7.271666131669793920e-01
3.082399841979066579e-01
3.455964298661194367e-01
-4.703510641359232025e-01
-4.826654216396375485e-01
-1.172807513574802840e-01
-7.218446113724175106e-02
-3.274829853276766123e-01
-4.811788403628434185e-01
2.376154145189213196e-02
-5.856552042271345737e-01
-1.859123453863835707e-01
1.920757893649771564e-01
5.798757412178885406e-01
-7.169372830978086863e-01
4.038838692664570296e-02
1.611446531556317563e-01
9.715738190231171245e-02
2.063868258244871967e-01
8.829204886269088615e-01
-7.903591651979846588e-01
1.182855693041546807e-01
2.131246473619359261e-01
-4.084366774094723707e-01
9.195745043912639805e-01
7.560139463348480859e-02
6.230223934779255401e-02
-9.365938240369205969e-01
-5.411890029706907246e-01
1.677733777534218262e-03
-1.714299471982649870e-02
-7.775042377868919274e-01
8.479693257692932917e-02
5.433783887446770322e-01
-3.154001304035116693e-01
-6.319515315382271403e-01
-6.357230527477248927e-01
-3.658549359907967702e-01
4.891230399124690820e-02
-2.513405157519601474e-01
-3.567655964252607337e-01
-7.729979930973185365e-01
2.023002881558768618e-01
8.231315622034094392e-01
-3.855062596597871316e-01
6.230198715729875492e-01
4.032731333332610912e-01
-5.489026933091920579e-01
7.800090034571183217e-01
2.036563516765712567e-01
7.809444543520893678e-01
4.875143223140294690e-01
-2.243679823898783177e-01
-8.273512457216136706e-01
-7.320054204560932920e-01
1.194295205884705613e-01
1.000000000000000000e+00
-9.281045330265840221e-01
9.085264245440110020e-01
-2.335306780416384065e-01
-3.180375075764527715e-01
-4.340877494405601666e-01
9.983693366790242774e-01
-2.331248367233427210e-01
4.190027297694314257e-01
8.778610281451841857e-01
-5.261547272691797783e-01
-9.170048815013531751e-01
-6.358812248436862546e-01
-4.699754803053960983e-01
-2.629950428813012664e-01
5.544770994199650360e-01
5.050804809706916920e-01
1.725792578194644822e-01
1.383987557359270260e-01
3.181355489757322630e-01
9.600427604811390125e-02
7.106002377716116314e-01
4.652877677113227417e-01
-7.742645445838580720e-02
-2.847137628070672832e-02
-9.320464643735426602e-01
-7.053869673996615575e-01
2.923667311071524999e-01
-9.401715564319794716e-01
4.839896489175088412e-01
8.907641887213491039e-02
-7.900152905502395573e-01
-7.272080144702623983e-01
5.313457500884406493e-01
-3.083716919777179655e-01
-7.149236706132100494e-04
-6.144904743266905722e-01
8.087301315691142189e-01
9.425830506950272358e-02
6.230781785903616310e-01
5.955054214439310378e-01
-3.329910149227568450e-01
-8.717073323801338702e-03
-4.999140783598903237e-01
1.899608580582421435e-01
7.168764359473192016e-01
5.565186310402516767e-01
-5.008347533180956823e-01
-3.678497116980008474e-01
3.651915293186336342e-02
-3.773966609890364587e-01
-5.871556703605256278e-01
-9.249990226834383655e-01
1.037197743414104423e-01
7.628593492575028723e-01
8.059664826383050595e-01
-9.090561552738907203e-01
-4.032674335979726798e-01
-2.047222623457958246e-01
9.662594684963066172e-01
-1.601310770943751294e-01
-5.725560394825477406e-01
-9.059527497327686252e-01
6.625509881049878036e-01
-7.714490944353271651e-01
7.927967951883876374e-01
-8.490500911467238065e-01
-4.328486537731075501e-01
-2.143554787942827389e-01
-6.964261824077473406e-01
2.406849044035741514e-01
1.000000000000000000e+00
-9.693648625102373462e-01
2.650148348038037227e-01
6.916933673733323129e-01
7.823388666794739432e-01
-5.647073944756744179e-01
-1.950193071662538191e-01
-2.054396278223229455e-01
8.285725356635449401e-01
5.208894727875741371e-01
7.488755769219364034e-01
2.828681947187090540e-01
3.267763390285012282e-01
-5.007721662466499968e-01
-9.861991561941212403e-01
-6.209860873135690795e-01
3.443986703353310030e-01
-5.170648104843400539e-02
-9.232255665048185733e-01
7.451057336200328507e-03
