-7.181909108417361409e-01
-3.941866938936211540e-02
-9.934901993089826355e-01
6.285390691574455069e-01
-9.026084427043383762e-01
6.212591314716404689e-01
4.578143615032890246e-01
-1.604248702621546840e-02
-1.637232885575132801e-01
-9.504986342521397624e-01
7.638263639377211867e-01
-7.708420958610884277e-01
-6.473816261480251910e-01
-7.918073386717432438e-01
6.534568497401767040e-01
4.564105064022130342e-01
2.603468804900186395e-01
6.516467671895898039e-01
-1.402573397724380388e-01
-4.816916082471556226e-01
-4.007257168715436801e-01
-4.717625140916743565e-01
2.682234676454653410e-02
8.383587818640503286e-02
7.675607759487492743e-01
9.064545714522083131e-01
5.481572586407157388e-02
-9.045857841041649028e-01
1.795315978085700870e-01
9.083988659623489781e-01
-1.753062905726823217e-01
4.688495545012845156e-01
2.356186299896358971e-01
-8.623861335508948844e-01
7.217624659908652429e-01
-6.921731737120782046e-01
-9.285558023330870991e-01
-6.208966879617516810e-02
-1.977101081454932796e-01
-2.641569467816990979e-01
6.832422017268586778e-01
-8.106376161124073665e-01
5.047578726078862932e-01
7.315424787383919547e-01
-7.906577866902755325e-01
-1.435961026598648882e-01
-5.693823703666178737e-01
1.117656317973605429e-01
-8.646107172099748439e-02
-2.974834203743090821e-01
-1.572058415093990913e-01
-8.956233850657246975e-03
-9.393275189970979877e-01
-6.199011975397543672e-01
-9.235481430283578597e-01
-4.059884433532032766e-01
-4.570707472506947422e-01
9.885082120550052753e-01
-5.478963859583421137e-01
3.125825190744049298e-01
-4.366752156331790147e-01
5.570231313102038673e-01
-8.131683184846205670e-02
7.461665264733337022e-01
-5.372280640171160915e-01
-3.152579781849644824e-01
2.730727161620252197e-01
-4.475892505889853545e-01
5.150619612583653417e-01
8.639090321164337727e-01
-7.818492434653578904e-01
9.388916009077825642e-01
6.469793446555847094e-01
1.831536894850525066e-01
-9.448377253984372448e-01
4.530187827080993657e-01
9.201088975900422184e-01
8.307411167235656535e-01
7.572086497438321739e-01
-7.661337233152483162e-01
-7.995252914056192317e-01
-8.864255060535282116e-01
8.802405519740559292e-01
7.942333880107985689e-01
-4.824754256881369496e-01
-8.741548945574140195e-01
3.870125486014879268e-01
-6.399829515611579200e-01
7.866076990743315900e-01
-8.955071092750961359e-01
-3.545509442917376131e-01
-3.515655163291593333e-01
6.832882956441632682e-01
5.477895065717086620e-01
-7.163728236998998522e-01
8.925346538828176080e-01
7.516502797943054315e-01
-4.229950262780257653e-01
-4.433685473252766407e-01
-5.274515028039341580e-01
-8.925263218078043348e-01
-8.450822028774673811e-03
4.611541710463191723e-01
1.430043196440786701e-01
3.652589976249414061e-01
5.471558394021791560e-01
-8.312642348941803316e-01
7.369661626878569738e-01
-1.922208934328932806e-01
3.321106114387695207e-02
-2.504104061235823409e-01
-1.444519181756787063e-01
1.714838868209307421e-01
7.363788454358566327e-02
-2.818161164651236117e-01
2.028313300530641961e-01
-4.404769079063515225e-01
-8.256542036236091953e-02
5.470291956866568661e-02
3.865007712808670171e-01
-5.420659170261441506e-01
-5.722773573429473792e-01
-3.535580080175915185e-01
1.459861510610012125e-01
7.927763252151558415e-01
5.587389108150531136e-02
8.743317252084326086e-02
2.599965212032320228e-01
2.746724189056986010e-01
8.653649772769900217e-01
3.686479053412581308e-01
-7.501171918196427590e-01
4.510057905082323071e-01
-5.540256208531497695e-01
-8.643796109394072946e-01
-1.826106624521897093e-01
1.178922731859683992e-01
-6.405619342256609894e-01
3.240543737826846460e-01
-3.667940130947824340e-01
-3.407959882630067217e-01
8.870118599375673707e-01
1.763979631068779419e-01
-3.580349621807648042e-01
6.539046049054473286e-01
2.830538746080373258e-01
-6.090282521345800060e-01
2.866885932966758421e-01
-9.622355502129702476e-01
-5.741105778802966242e-01
-5.899720021602108400e-01
6.450260164565579935e-01
8.976038000047923404e-01
5.832102638898628566e-01
-4.650532659321819917e-01
-1.205048757158004857e-01
-1.091569392919069514e-01
-1.611783945490929959e-01
-7.109189962809143726e-01
-1.408174739489509442e-02
-5.558977659150137196e-01
6.129340640861034029e-01
-3.446990440510055986e-01
7.871516501919064712e-01
8.669322629319051732e-01
-8.894749438235423078e-01
9.909196447435935085e-01
-3.573267428446811333e-01
5.216912903198613893e-01
-4.595175362300816246e-01
5.238072982752919327e-01
5.246536594651285412e-02
1.728221716998157298e-02
4.292467901538656871e-01
-7.853250205231177006e-02
-2.669238407352003684e-02
3.583514360751318684e-01
-2.362303602783513146e-01
-4.140129206899609837e-01
1.951888938292982711e-01
8.193385612269017404e-01
5.680181482419415229e-01
7.248477206318744148e-01
8.241378828480199203e-01
6.367706720566965739e-01
-3.795444818954301081e-01
6.814416648876768789e-01
3.256856493033721822e-01
5.951155727429107145e-01
-7.346491161377752821e-01
-4.833954691080610822e-01
-8.269770894043415588e-01
3.056873753944411298e-01
-4.817097756245591889e-01
-3.536813461996479724e-01
1.056183776427370713e-01
6.011639912885256010e-01
7.366799844157654320e-01
-8.496553728185176624e-01
-3.942275944369948437e-01
-3.668289587543238639e-01
-4.763639305939104673e-02
-4.473148711805479127e-01
-1.789917541022278957e-01
4.250457717404543256e-01
4.396010240855807716e-01
-4.656544399128288436e-01
-6.165647999885726094e-03
-8.757935590208358878e-01
-4.584728163415541236e-01
6.236950187732286377e-01
-4.214395663690237992e-01
9.782267514005438258e-02
-1.346116496062212953e-01
-6.214698064112833542e-01
-1.848067781034121726e-01
6.274956904062929386e-01
-4.871818919533741354e-01
-8.126431245518659363e-01
5.053356467640441885e-01
-3.429436483348897724e-01
9.402656945616250095e-01
-9.866627240039747004e-01
6.571015708593770377e-01
-7.464003780729728810e-01
4.385658610911769006e-01
-3.810549723842815428e-01
-1.721824431198926142e-01
8.631052141011041900e-01
-4.126407420040878460e-01
-8.891738248565539404e-01
7.360835798911002925e-01
-8.319713412328084701e-01
8.182698130409347126e-01
-6.608266148946273510e-01
-9.903776805251891524e-01
8.297397259167582639e-02
5.905728764448112678e-01
-6.178433878058200435e-01
-9.797898513145921751e-01
1.011393429686224810e-01
-2.339643491387852769e-01
5.575362761119113664e-01
-8.230089146334074179e-01
-8.162713447729548211e-01
-7.328455220738996356e-01
3.719313744275791755e-01
4.522089769169894691e-01
-5.873296236529184089e-01
9.325907274091354004e-01
-6.756801310411058026e-01
3.251483507275652052e-01
-7.504730859077768379e-01
-3.544585360415861697e-01
-7.088752567011691319e-01
-7.173975283414149029e-01
-3.582584688723260413e-01
-8.937511184641153683e-01
-2.882892193219166455e-01
2.334435359161712853e-02
2.163101716784709971e-01
7.923971298195056079e-01
1.945855971881942370e-01
-3.886345493177711941e-01
1.694357550936225199e-01
