3.861880000799482460e-01
-6.420046273358714917e-01
9.783878610024869804e-01
-4.158050803827810782e-01
-5.281330339685874620e-01
-5.538889422495059112e-01
8.865882424775191062e-01
-6.898661091670694745e-01
4.230088339236104389e-01
-7.382124351487964198e-01
7.578044224370519277e-01
-8.857392765050442485e-02
-8.940558327898373570e-02
-7.365570106374887960e-01
-2.765330889344086440e-01
-4.853097543785112045e-01
-6.302613972929080877e-01
-6.425916670557436650e-01
9.733615941423536810e-01
-1.129077839856795773e-01
-6.600905023751275635e-01
8.814518386189922339e-01
3.580076673332408532e-01
-5.700252802135170604e-01
-4.433982318379887655e-01
-2.220117417626938927e-01
4.206625301213084978e-01
-5.219377700398939446e-01
1.193120910190459405e-01
2.509832678165826447e-01
-6.406315441027321533e-01
7.027975248071487435e-01
3.899338339917246543e-01
-4.708954907496689102e-01
4.399361826804336073e-01
6.036080059480712912e-01
-7.420433021213865832e-01
-2.121853268121345337e-01
4.183915621881917346e-03
-2.880362782955798728e-01
-4.621667377130089793e-01
3.429986844580299454e-01
2.302043291045687834e-01
4.153836021077299545e-01
-3.492062724337530177e-02
-2.860650160456231772e-01
3.834365385286448991e-01
-1.910704234334990315e-01
7.473045474241890584e-01
-6.004298156000305031e-01
6.462066278013777199e-01
5.422882770746029202e-02
-4.227594765971534052e-01
9.088688793575130376e-01
7.908407395680976393e-01
-9.330896050932480090e-01
-6.080337719699226984e-01
2.112410623337110938e-01
-8.762561805231392498e-01
-3.275839258586825675e-01
4.371626874856970879e-02
-4.015539570674286907e-02
1.096996628162104082e-01
1.743677355126314055e-01
-3.941581209538926878e-01
6.904164534068011339e-01
3.900730744955760443e-01
3.818004466331714752e-01
-4.718032938211358385e-02
-9.511940781253928057e-01
1.612393299763665855e-01
-3.040334226201868439e-02
-5.701156996207328298e-01
6.086762097844222730e-02
-5.416176449992156083e-01
5.598834749363112984e-01
-9.235743951964046072e-01
1.766407512095115317e-01
-7.307389094483036640e-01
3.815207229638479802e-01
8.739584874909385181e-01
-4.970209521006863085e-01
6.214744093549515735e-01
5.530975088310110532e-01
-6.216701728265698890e-01
2.850179425124397259e-01
-7.397826889220104896e-01
4.364291348278921401e-01
8.091319910447341002e-01
-6.071882031699182836e-01
-1.259286850357625998e-01
4.800809924640641047e-01
6.921083023155207847e-01
-2.622169394343454307e-02
-5.609502783737869702e-01
-8.294505276035468722e-01
-7.046107426876282442e-01
-4.195737660126912516e-01
4.079357825079110711e-01
-3.353754548006484537e-01
6.176518519139988506e-01
8.041114506579130072e-01
6.734491088432763561e-01
-3.321484564690768693e-01
-7.785692775499062357e-01
-3.391731968564437594e-01
-8.613181092031230168e-01
8.921220772589359971e-01
5.623521533877771095e-01
-5.288384061096580435e-01
1.234626156182296874e-01
6.516021162811518330e-01
-3.526358711429218862e-01
8.748770467888755675e-02
-6.786788222263799852e-01
3.786109662069501169e-01
2.243538958218269652e-01
-6.787761289235120232e-01
8.964064989204116873e-01
-9.040612458218201253e-01
-2.468848650742001549e-01
2.925354790153695816e-01
4.006205365504371674e-01
6.149856260540065289e-01
7.844920582838319500e-01
5.665748375045901591e-02
3.984164934537606229e-01
8.116163216852100293e-01
-9.268765767770761332e-01
-4.683962486914252654e-01
-2.934219624629512690e-01
-5.335838146569682472e-02
5.160135304087032360e-01
-2.442027958109971308e-02
-2.080700089235285599e-01
-8.818589047938130143e-01
-5.315381943013819388e-02
4.197162206535496320e-01
4.883613660998431527e-02
-2.715717444598204633e-01
-9.924272868428564431e-02
4.442223893953964886e-01
8.756333329107479635e-01
1.130442184547875151e-02
8.016996144838306471e-02
2.921736883302603616e-01
2.223057700165782524e-01
5.000425007790094689e-01
5.063241043937334318e-01
-3.814752422897413897e-01
-3.532801861245571384e-01
7.317839035384943180e-01
1.177948453018364677e-01
-1.713890818987535702e-01
-1.000000000000000000e+00
-6.840436479639739886e-01
-3.178171383411743101e-02
8.895023103616741533e-01
-3.158636756455202033e-01
5.851584285968318699e-01
-6.828907409302765741e-01
7.225187459780824106e-01
-8.417740688959727269e-01
9.026559043581297015e-01
1.639952488235272843e-01
5.176182813316567710e-01
6.957455456065491095e-01
-7.827946689362725863e-01
2.930500160855846747e-01
-7.032506077211420070e-02
9.137880480331950217e-02
3.531102454773535904e-01
-2.505120966667706561e-02
9.019870868968138389e-01
2.146807421849452613e-01
2.137120169585269291e-01
-3.214482371750932987e-01
-8.402111089506900665e-01
4.581430633531009544e-01
7.309822244466679386e-02
-1.092026908682350861e-01
-2.729100893304378661e-01
6.579237109871554079e-01
-1.438434919066517992e-01
1.713414494805926835e-01
-8.356594671245209938e-01
3.428694331562320841e-02
4.694318148104310584e-01
3.877489040262306341e-01
-8.366161496557400490e-02
-3.560088975385515830e-01
-4.229412995168078115e-01
3.466676925702112388e-01
7.041413900439019713e-02
-1.279719090947209204e-01
2.101651478692578845e-01
4.949919152060121563e-01
1.400815815236096107e-01
-9.908181755906897425e-01
2.778221154503601742e-01
-3.729804203263213935e-01
-6.044812217525565856e-01
4.725438726128656786e-01
-2.275446141733046268e-01
-1.227615801943211515e-01
-1.000000000000000000e+00
-1.236505856071333925e-01
-3.294114549934554770e-01
-5.235570377674005904e-01
-5.435771743350947816e-01
-1.079347067197670568e-01
-1.677195588912125945e-01
-6.432063339872038377e-01
1.000000000000000000e+00
-8.113166580157442354e-02
3.105986127446613843e-01
-7.275677848478889764e-01
-2.667444477133296132e-01
-1.773515175655406839e-01
1.000000000000000000e+00
-7.954145783075912135e-01
3.740094082543026222e-01
6.483321115630713560e-01
-1.445672661456050001e-01
-9.699982828821127612e-01
1.817145485036057995e-01
-9.150717640604555392e-01
-8.441433355372687242e-01
5.419364961924078017e-02
-7.917824427102664320e-01
-4.955585056255444876e-01
-3.601569287025903066e-01
7.710321871492313850e-01
8.265178986216703549e-02
2.744967348465001677e-01
-8.363236188082829869e-01
-4.448487156525655628e-01
-7.764390915970189599e-01
-5.558214260531194051e-02
3.720916847709225816e-01
-9.028705105212853077e-02
7.975520098109329936e-01
3.748784883502604970e-01
5.722464013827812668e-01
-2.046673739768722911e-02
-6.667709013428633202e-01
-2.585723203581011820e-01
9.820060801809726847e-01
6.842525969541122244e-01
-4.026964739617024946e-01
3.735914849722516973e-01
-8.897244247604900735e-01
-1.419607485135374603e-01
-3.295862928765027622e-01
-3.608326004365016715e-01
-9.682824434212331521e-01
-5.762411369403850347e-01
6.599142783742502072e-01
-1.259099423503791115e-01
-7.398367997303330057e-01
2.279235748420555679e-02
9.367670382308241894e-01
-5.045852368690465495e-01
4.429165789563205280e-01
5.484131080023100235e-01
