-5.926966210373115773e-01
9.542274111171733519e-01
-1.939386281485491192e-01
-5.797166381021556791e-01
-3.174387776670133388e-01
-3.790428112335757493e-01
-6.128276157813461467e-01
-5.294140675719825051e-01
6.875252899920694660e-02
-9.526729159847266981e-01
7.585724477603021931e-01
-4.150364030270738969e-01
6.344467637664656934e-01
5.650271018875962364e-02
-7.451118890813734907e-02
-6.396011378549681936e-01
7.885898433148916808e-01
6.376693436593503517e-01
-9.138541819385528342e-01
7.679247187890085868e-01
-7.665119403544744525e-01
-9.426705416971705720e-01
-5.683033567758657423e-01
-8.752973326907842466e-01
-1.966637296433813020e-01
-3.320930415294862659e-01
-3.800575424412588887e-01
-1.221538749452744099e-03
-1.632933389945128155e-01
8.185896634691489648e-01
5.331672806933556164e-01
-6.978788551862968870e-01
-8.415276317594659883e-01
-4.291893912499975539e-01
5.291369676993931126e-01
-4.367362604220645927e-01
1.660101304267507238e-01
9.158460866753981300e-02
-9.586906166221516035e-01
6.145256244036523263e-01
1.421892463705285437e-01
-3.784908011887910817e-04
-8.969240968462726116e-01
8.546476550306900677e-01
-6.558311137029471105e-02
4.627753007940960117e-01
7.809983918090479538e-01
2.774599876966117318e-01
-9.273077772059796775e-01
8.478461677919418849e-01
-6.707421005096270150e-01
7.049159724669795679e-03
6.097317493543263911e-01
-2.835492700956347978e-01
8.960874394395776932e-01
-9.558433256651219789e-01
3.807046565388949588e-01
-1.576972757425441074e-01
7.377755193484025753e-02
-3.564668752061291301e-01
-4.188213867168892879e-01
-2.014219006682393953e-01
3.449951158966484410e-01
7.119670825586270624e-01
-4.076653518604043125e-01
7.416795130234494771e-01
8.000337687977909784e-01
5.800693169568507113e-01
1.920975953212875620e-01
4.516200203232285659e-01
8.121024662145793771e-01
-6.468320943430809766e-01
3.042346642259239342e-01
3.212628701865027359e-01
9.391602919205286337e-01
-6.430480806304139652e-01
5.593920000407013315e-01
-2.003146139076181775e-01
8.706841567266709880e-01
7.117361315402119804e-01
8.238597502265210260e-01
-9.865017588268616411e-01
-1.139848547218225150e-02
-5.358154875407212803e-01
2.570196975396161765e-01
-4.452939230853789621e-01
-1.688243478841286727e-01
2.367811200710789876e-01
9.848629610469350482e-02
-1.268875722530693473e-02
-5.436379552668481052e-01
9.060618874449533067e-03
6.936352232516762584e-02
2.844937687111188662e-01
-2.285133852546976652e-01
9.443126772149561532e-01
-1.461366732021462944e-01
-1.029431367123794239e-01
-3.486140694693862230e-02
-7.349401610745345259e-01
1.621406644462264346e-01
-9.166489933437915738e-02
4.707827696319837885e-01
-8.549318741248810305e-01
-5.223370621788363533e-01
3.061210760048935775e-01
7.446908927152342539e-01
-4.230679121178604341e-02
4.454124704765651810e-01
8.188195582848989407e-01
4.888022457481695504e-01
6.962986221133093956e-01
-3.622117956709191566e-01
9.434190982880241716e-01
4.431527338817254913e-01
6.496675730511601854e-01
-8.639501900369424003e-01
1.307836381703375572e-02
9.284531677274210359e-01
8.736706263459523836e-01
7.016572062987412872e-01
-6.334968797118580193e-03
-1.037309371446026862e-01
3.716887832693276383e-01
5.712141448402410226e-01
-6.573673354925968493e-01
1.625982648085533278e-02
-3.652510531461821142e-01
4.640784245438361322e-01
5.475394156471002916e-01
-4.238486683615609873e-01
-5.790707860223411885e-01
-9.886963080738591092e-01
-5.830440721744214461e-01
-5.829906782265601439e-01
9.041678229668597133e-01
7.210551469198218655e-01
3.940154607578201240e-01
8.853447236711431412e-01
-8.430332650038818709e-01
3.573779944482962101e-01
1.799233060618103952e-01
-5.189477860913755958e-01
-1.659689534525470300e-01
-8.174277338991260411e-01
-8.884374306717424119e-02
-4.324124867327663324e-01
-3.194198091105954762e-01
-2.693555727673235811e-01
-2.011222500215945619e-01
-7.780082286590861429e-01
9.068567441032513443e-01
9.057593302952573477e-01
1.823702625487486628e-01
5.779262924193098172e-01
8.531723123471792736e-01
-8.521468275786763247e-01
9.201943756877952740e-01
-1.835376031839173194e-01
7.255800543364229194e-01
8.905393242862673642e-01
6.183476383630073236e-01
5.795954465338186701e-01
-1.680343966105832809e-01
4.601751511166827791e-01
-6.837316350863313907e-01
-3.683291306594521641e-01
-3.703608316092812380e-01
-4.815351691787999044e-01
5.942960752257169244e-01
-1.241277498973625271e-02
-9.301166336803672330e-01
-6.245299432640210036e-01
9.570644787025417433e-01
-8.292203108377766974e-01
-4.388758386694948666e-01
-7.503480654710708020e-01
-4.467733821976704878e-01
6.819081670377060700e-01
9.412344951632050094e-01
6.653161715485014227e-01
-4.121266579681637232e-02
-1.027502256649692747e-01
1.406968976170422658e-01
-1.000000000000000000e+00
-8.506762249147392652e-01
9.539322687616291763e-01
-6.838620481941148910e-02
4.318543378854178272e-03
6.607528332899632595e-01
-9.959179050339539430e-02
-6.861147900082702478e-01
3.666574960722275289e-01
4.498955250817675555e-01
-2.235966811528156128e-02
9.493678266098745100e-01
1.027376059138623322e-02
-3.736302266441724473e-01
7.349610825250794122e-01
-7.354569044461443106e-01
3.093297083183306206e-01
-2.864936581273509475e-01
7.184696809736983436e-01
-8.288227824970835211e-01
-4.774297419415112209e-01
5.267053194704867103e-01
-2.694393973494348948e-01
-6.396451129602211960e-01
5.256959319857543722e-01
8.406339341418567201e-02
-1.242887580386466961e-01
-8.337802131891534074e-01
8.364136108333941610e-01
-1.833461408573278106e-01
-1.400377799272423951e-01
3.986114613629543335e-01
1.356062097077410655e-01
2.815083860591456322e-01
2.557167339122933813e-01
-4.523825416392099896e-01
-7.077388652666254387e-01
7.159368915413775181e-01
-1.833929473645058705e-01
5.635789892165934400e-01
-5.104968611392669553e-01
-9.701832036691690475e-02
-2.478950114175697550e-01
7.020558564449561612e-01
-8.930843837750416236e-01
6.071017803718827821e-01
-6.042609435957424502e-01
-8.763354350604504184e-01
5.849487921105723798e-01
-6.091876097170380033e-01
5.275690326251756268e-01
-5.271492383759713851e-01
7.040802639871610591e-01
3.340423002534469443e-01
-7.525634261028368854e-01
8.287972367679863339e-04
3.563510720505067564e-01
1.964723124260887577e-01
6.358852345934165040e-01
9.294945030226422489e-01
9.965795155955317064e-01
5.982052559882033993e-01
-1.229651014505970252e-01
2.400803721019433290e-01
-4.674663695456065526e-01
6.401849965847858925e-01
1.072336273910414750e-01
-6.749394548962215357e-01
2.283104693388608997e-01
6.100279474369354471e-01
9.972956240793982019e-01
-1.000000000000000000e+00
-5.835594007102369307e-01
-3.130005380371201351e-01
6.875454082111793763e-01
4.721288182643517128e-01
-4.298969887504902054e-01
-6.402580627737974872e-02
2.504666416988441391e-01
7.669668034846711668e-01
-9.534066413358992520e-01
