-9.909239949912864720e-01
-2.312996774257818355e-01
3.843297921102923898e-01
1.843506326891037883e-01
9.576576514335246593e-01
-6.370033838185960029e-01
-9.486682545377993492e-01
7.921932738420869313e-01
1.623777847967027288e-01
-3.694009841758094659e-01
-9.898098381230318044e-01
6.598679953526057629e-01
-9.504210469827820695e-01
-3.153907043253370013e-01
-2.501898829002136004e-02
-5.214055464205378243e-01
-7.247894133938239669e-01
-8.276003963406144415e-01
-7.022874586173635247e-01
4.210240509444549417e-01
7.204689052881296796e-01
1.117100111414148778e-02
7.119631814989277885e-01
-4.478112408557888280e-01
1.866313325777397836e-01
-3.924805642950549012e-01
-7.273012822172681968e-01
-1.432366041014441205e-01
5.028171834329282497e-01
-7.373715234587396861e-01
-3.445125750167161716e-01
-8.423213698956719675e-01
1.296187188242570176e-01
6.784028006635887120e-01
-5.254400584502258997e-01
-5.860662772974296608e-01
5.901351859378740627e-01
-1.136935095932516404e-01
-9.649296799333559882e-01
-3.357215255872509907e-01
-2.955148081656624459e-01
-6.259129833459189385e-01
7.823543306985436541e-01
7.267005704074340766e-01
-1.154257450255746775e-02
-6.899487034525122464e-01
3.366493806278740841e-01
-8.267382513331940075e-01
4.376810048853465585e-01
5.194399887947425132e-01
5.982858886553410471e-01
8.733046395762549263e-01
-8.931611499559697354e-01
4.974717964815877913e-01
5.641976701444173514e-02
1.872703812206619745e-01
-2.291441356653678429e-01
-9.856956137130457041e-01
-3.885656472587888377e-01
9.996021432896345926e-01
3.020116070613365622e-03
-8.327026489522686425e-01
9.743735107043440813e-01
9.562981185710659471e-01
-4.400763716770463851e-01
8.200091835110001615e-01
9.715155515722735391e-01
-3.167967510177787105e-01
4.686301706611428752e-01
-8.237410925128387795e-01
-2.455932262192430660e-01
-3.835073376737720974e-01
-6.618202025355623963e-01
-1.868678850307476935e-01
-1.907181380406279825e-01
-3.366439595228254422e-01
5.029137357682159637e-01
4.309608533171371825e-01
-8.731332828631219733e-01
1.999029517280550006e-01
-5.814917183699643832e-01
-7.402022514347139648e-01
-5.253682570539466301e-01
3.188858316241842683e-01
5.578540827740702257e-01
7.564541685583781039e-01
-4.404505736671402438e-01
-1.373647733275049632e-01
1.115166548659396462e-01
1.868678140421069500e-01
-7.273042302298571293e-01
9.779402514503623411e-01
-2.520917762316223221e-01
-5.866686940202283651e-01
2.467653980223238896e-01
-8.228191189635079006e-01
-7.006783876044813120e-01
3.553606900005390479e-01
-7.075794887127229149e-01
1.780032781543912090e-01
-6.943554046215609787e-01
4.215743609586901641e-01
2.413748973365736905e-01
9.169687853854355808e-01
-4.136809787529960314e-01
-5.747338220126498864e-01
6.676186069166034631e-01
8.551257178979712048e-01
-4.827446662935953592e-01
-7.889594571112059640e-01
8.137617336644180632e-01
-6.374780440492566758e-01
5.646293214361421953e-01
8.676959787389006973e-01
5.204527455563753291e-01
-1.166548169387213729e-01
-4.913663687972338323e-01
-4.282085444764860416e-01
-1.772691810317050809e-01
-4.367403395094404672e-01
3.525033170924063430e-01
-7.955273659037422895e-01
5.270002441995699227e-01
-8.360885905873842727e-01
-5.366225224790641679e-01
5.884279661277529438e-01
-6.865974218644719240e-01
9.682376450022929237e-01
-4.353822434115024453e-01
7.205321613767829980e-01
-8.400789526369967231e-01
-8.268942554760125851e-01
1.038872535878161418e-01
4.725984620913312728e-01
4.930197511639835550e-01
6.755013721092840706e-01
6.867030817042396595e-01
8.354501001450840292e-01
-3.397409846062191541e-01
-7.953828294378453290e-01
-2.690823369832293643e-01
-5.378998015320104464e-01
-6.765606444868306202e-01
3.590747989187055289e-01
-8.277026685012744966e-01
-6.933332680765169620e-02
-8.900475020654392555e-01
-7.106525394195939427e-01
-2.658142412110204855e-01
2.515855761781404798e-01
-3.325415321754965348e-02
3.085879847908310492e-01
6.210434185326968448e-01
6.785195080922548083e-01
5.486764258560219432e-01
-6.085578180107669155e-01
5.842672995199877928e-01
3.304181809452932939e-01
-1.000000000000000000e+00
7.493840128710612669e-01
-7.405144044125697711e-01
-6.482853708964684269e-01
8.926800163536692256e-01
4.794763679371083498e-02
2.475798564104039201e-01
-9.413160635603901039e-01
-2.895318182128472362e-01
1.884304784510140163e-01
6.236042090778775027e-01
-7.640901913696764858e-01
2.412360146657954729e-02
-5.213961626264924654e-01
3.375774293589646202e-01
-3.918091908084162522e-01
-8.025712593468019573e-01
-4.751892552544438875e-01
-1.202356765837866437e-01
3.005749049460675337e-01
9.228021205283680750e-01
7.938559835047773738e-01
5.627979518401149406e-01
-5.484981519932501381e-01
3.950442515573211466e-01
-4.453774835941504140e-01
2.766384443113429903e-01
7.697372446643926391e-01
-8.191298633966059839e-04
-4.224127025463686458e-02
-4.992400402334877807e-01
3.923809874034140943e-01
9.945143078665377168e-01
-8.043083271858576799e-02
-8.111278017469376600e-01
-6.992039035498018862e-01
-7.163674660467829192e-01
-7.929067309932060770e-01
-3.910680193217954681e-01
1.529332702364449847e-01
-4.174262912797297442e-01
-4.746386351754772193e-01
-5.308850145631662798e-01
9.539464322550350595e-01
8.784485012108316226e-01
4.856165916953036898e-02
8.541074021162311514e-01
3.436680076565392650e-01
7.453097424816230721e-01
-7.374911383424429534e-01
-3.763599088676670146e-01
-7.486282327518727353e-01
-8.030074449657487179e-01
-4.999754725006204659e-01
2.762875504747361877e-01
7.974476640022698515e-01
3.300603009805413990e-02
2.660851723856130224e-01
-5.238240314560882460e-02
8.996877022448890315e-03
-3.415324093717952980e-01
4.868183429773798032e-02
-2.938993348361622071e-01
-8.938771052109728554e-01
6.361919728287768194e-02
1.057751280824708040e-01
-3.497032927010190750e-01
8.596477030695504062e-02
-6.081824359492586929e-01
8.794297132949064899e-01
8.461090003163991291e-01
-5.138541288960227771e-01
5.114308237888951503e-01
-7.889345359307897709e-02
-3.011368704044539157e-01
-8.781760345190778860e-01
4.289054768904587700e-01
-9.826995314469733067e-01
8.698254362602630962e-01
4.090089804632193182e-01
9.005210514466943650e-01
5.161858295175882905e-01
-8.925326109734104119e-01
6.804360410895915479e-02
2.857456419736421616e-01
5.912580278273635859e-01
-2.900350360707260045e-02
7.561133350509550988e-02
-4.872693939878067759e-01
-5.227116127713007376e-01
9.187254640237172421e-01
1.243183361513997554e-01
-9.072497394591534370e-01
-7.906880638239746073e-01
-2.228289763059665696e-01
-4.233551140803428758e-01
-1.525039449966407723e-01
9.186667101603407382e-01
7.138649430615113811e-01
-9.977000903896882100e-02
7.417415693772597685e-01
-5.945165772076923538e-01
4.060949679255654310e-02
2.409262179701276985e-02
-3.293215938892366523e-01
-2.120803293220394625e-01
6.785208795192447795e-01
