-3.089148768369422496e-02
-4.682993752915652341e-01
9.575577105153603164e-01
6.637090551778856984e-01
5.663478189536849117e-01
5.342723972770215823e-01
-9.650350641927423201e-01
3.457195362743428202e-01
2.904944610684081496e-01
5.890713587536531293e-01
1.692441064031968700e-02
-4.904577437854429345e-01
3.466383234125465229e-01
-1.109338943293593227e-01
-6.713512616870835892e-01
-3.849133000623808920e-01
1.821306339335435620e-01
1.151027500541808024e-01
7.801769195007561830e-01
3.237843233342589944e-01
-2.051298571545761007e-01
6.013068402780534782e-01
-9.973065964646887771e-02
-7.145656919491079062e-01
-1.987132994873155312e-01
9.336449544358065289e-01
7.670589614004851287e-01
-4.581069339716081767e-01
-1.599665879816776215e-01
-2.034666862900094131e-01
-7.592127603818117354e-01
-9.826271284372674053e-01
-4.639212350873358481e-01
-1.291257014778488532e-01
-4.626562423787116130e-01
-1.000000000000000000e+00
-3.737889756791457074e-03
-3.289531831208543089e-01
3.699383496946411221e-01
7.081336383792746769e-01
6.903009619121862617e-01
-6.670790500548067214e-01
-7.033235788887608475e-01
-8.013654226592943353e-01
9.429352060120435031e-01
-2.383337574067068421e-01
7.041997716613794811e-01
-1.740629157328570376e-01
4.934467793194787788e-01
-3.120911277006004347e-01
2.886718977396998675e-01
6.508820610529841844e-01
-4.998991524494067473e-01
-6.144055659321630003e-01
-5.207074263220523580e-01
8.805560965518304251e-01
-4.968139121432351146e-01
-8.545432665707453079e-01
-6.133044449242135432e-01
-6.609365461809322273e-01
7.583483115772251537e-01
4.266500283468321886e-01
-1.026384655270873303e-02
-2.156208537189928387e-01
-9.629558617670361809e-01
2.888653629210558016e-02
1.000000000000000000e+00
-1.043394159732113913e-01
4.059423253498712914e-01
-5.924765096858266578e-01
-6.711384809614298064e-01
-4.788216462289307529e-01
-5.413216561634852653e-01
9.477985978323528737e-01
1.923044858248448286e-01
-1.895740053595420527e-01
-9.653038763637853403e-01
5.076826611098466113e-01
-2.059477694415534632e-01
-8.028956907617199601e-01
5.158255435307228520e-01
3.626726299583509228e-01
-7.260255475485162258e-01
-2.481898975385805617e-01
-7.710262761566983869e-01
-1.548843014919549788e-01
6.655496438982437812e-01
2.830696627795314946e-01
-7.764776201632412889e-01
-4.925157217285227595e-01
3.378680919785970183e-02
-1.402397062799500826e-01
-5.860961562270166070e-01
4.311582409174634645e-01
3.106979090615868966e-01
-1.019957105272328857e-01
2.311544337053977050e-01
-6.671087651939506813e-01
-2.101635271664832327e-01
4.176387711609161890e-01
1.801319521098538878e-01
3.539465707171047804e-01
2.157463926261082854e-01
-8.629976117320525830e-03
3.060922474142913075e-01
-3.175227974025072175e-01
-6.891450881334777456e-01
3.055978664832634251e-01
-9.458317269403850869e-01
-3.428813856163737128e-01
-6.180982259365963571e-01
-6.099449595065344898e-01
-4.118611863060435141e-01
-1.000000000000000000e+00
3.046544832745621267e-01
-2.464215739355242185e-01
-7.344034409497393057e-01
1.711223246638027273e-01
-4.484485422328503557e-01
5.980753638975511155e-01
7.833866741678585655e-01
-4.873887371410008384e-01
-1.000000000000000000e+00
-1.000000000000000000e+00
5.274709911363073545e-01
3.633126051330952677e-01
-2.229506708533182668e-01
-6.529822602709045576e-01
9.944026166039321435e-01
1.018440688879473921e-01
1.077837594315598224e-01
2.188298605538974151e-01
-3.629438917047778657e-01
7.468375919914926886e-01
9.566329272959509522e-01
3.587264386980331121e-01
4.591776949643833761e-01
-1.988495127379441563e-01
-9.926455714393759289e-01
-4.376712457598503914e-01
-4.002956653580274082e-01
4.526904090323380370e-01
1.971992655585037557e-01
-4.418563479991213239e-01
5.134144305341189485e-01
4.578957606268443392e-01
4.756913765405119676e-01
3.821932206847445390e-01
2.480707201478633550e-01
-5.369663545640102065e-01
2.263717354790220071e-01
-4.148982269550656188e-01
9.396133608534686932e-01
-9.078021374501266116e-01
2.263137729534858700e-02
8.049338582079117455e-01
-6.401566341651996339e-01
-8.315958153620048865e-01
-4.529516211716437812e-01
8.855179680855158608e-01
-1.419932081058072892e-01
-4.431815472712685722e-01
-1.761512940156473306e-01
8.247775542062709686e-01
-1.047235749385799775e-01
1.769366420444118404e-03
-9.391044902150975648e-01
1.258664121780874723e-01
2.352642592562776969e-01
-4.321837932896466228e-02
-7.790996025146594839e-01
1.000000000000000000e+00
6.876858561221363964e-01
-9.333227178824976544e-01
7.514911733077458411e-01
-1.299319499260627175e-01
1.443568029928359309e-01
-2.741012217874740919e-01
-7.668691940719286615e-01
-6.074510947317319776e-01
1.749733407511002703e-01
-5.389129885833023881e-01
-7.375178338643983977e-01
-8.647193090594662568e-01
-8.608149298872391775e-01
-6.037219933676405415e-01
5.086032924799892552e-01
-1.307107869916974696e-01
6.970273516277980530e-01
2.603040513785748189e-02
-7.616789197078857043e-01
6.590328734965560376e-01
-9.804229130986685803e-01
-7.950607346313498525e-02
-8.561835108518096593e-01
8.817668074742746054e-01
-2.354667858054628748e-01
-3.903219191562106172e-01
5.605223666447414210e-01
-3.489014983753846444e-02
-5.160035497817068162e-01
-4.732116389207658980e-01
3.475896013248205296e-01
1.239868394994743106e-01
4.782704697313377995e-01
-6.858433557695271521e-01
-5.046878867209145803e-01
9.589231580684336453e-01
8.479531395806847449e-01
-8.565246963857462426e-01
-3.405699565143796015e-01
1.880795769413547980e-01
5.618587925749185530e-02
6.803877863824419059e-01
4.955925205474063233e-01
3.272117963153970965e-01
-7.443327989307368941e-01
-2.641150283162034818e-01
4.288565292208754709e-01
5.974563508621135721e-01
5.256541824909990446e-01
1.094670616595894153e-01
-9.644919325185443704e-01
-1.952427482438097162e-01
8.847598866808827761e-03
1.690739297587675605e-01
1.386341152113543806e-01
-8.900308985062670430e-01
-2.720311611164252241e-01
7.645053415238982630e-01
-8.197325321880699622e-01
8.687760082515456617e-01
-9.371185913979755977e-01
-4.900421483981819426e-01
3.157140628837546981e-01
-1.595793959958013986e-02
-7.617131877385993066e-01
-2.618597585646607051e-01
7.810585436695969275e-01
3.745301748901204153e-01
-5.694815172667997416e-01
8.970594542072627409e-01
8.311702987161353473e-01
5.321198898881156492e-01
-3.530612488459687892e-01
-7.235646542985108010e-01
-5.413208591362679289e-01
-7.402645972804446917e-01
-4.037357678238550074e-01
-4.295351629591447895e-01
5.019107585838811225e-01
3.485042753032185914e-01
-3.717001559403558808e-01
5.248472918171400714e-01
-2.839965955599788039e-01
6.019620977840086651e-01
5.401772314879582648e-01
8.214536221722792408e-01
-4.698275679739531974e-01
-1.863067514664473734e-02
-7.765593588227348576e-01
9.928515752691677854e-01
-9.886141150215410622e-01
2.376592348408552713e-01
1.611687188111201596e-01
