-1.958425626174293832e-01
-3.832184185335205662e-01
-3.687349497791170272e-01
3.828955596401621975e-01
8.138466733865468150e-01
-6.114908659096540688e-01
1.823737687897002413e-01
9.837879011106793747e-01
-2.372907744318288881e-01
1.458667186259499093e-01
1.089812955604316791e-01
9.319958759719928487e-01
1.745164805029619792e-01
2.070141900342019614e-01
-6.502955123926621450e-01
-5.454409129994339800e-01
-5.163617599380634360e-01
-8.617582722183745325e-01
7.318129845034102576e-01
-2.389840603439656874e-01
-9.362186353253476589e-02
7.881551929666648082e-01
-3.880473309680891880e-01
-4.315140597724409499e-01
8.667090466535167792e-01
-9.272595946325539185e-01
-2.366733262188240872e-01
8.429521127102652667e-01
-9.904199948799006226e-01
-7.508496372703803434e-01
4.296543546438567063e-01
6.770064070091250663e-01
-7.537684359009060309e-01
6.782330185071436812e-01
-9.034455662397238296e-01
1.690655497790414241e-01
-5.695001158114587625e-01
2.036706350445749436e-01
9.007870837059366309e-01
-6.576280091011552642e-01
-7.473489049022969954e-01
9.203808822564329972e-03
5.485239966739841044e-02
4.624330726964458460e-01
8.843415575456223809e-01
1.509054442875548130e-01
-8.367845995923424152e-01
-4.412798728556128758e-01
6.205158855228321002e-03
6.043586172932751133e-01
9.215664376944632252e-01
-6.807050220996258005e-03
7.607883049804509135e-01
1.926984918117096157e-01
-4.446527962013264723e-01
-7.561301838943790266e-01
-9.403104949151361858e-01
8.236203683125744579e-01
2.430628587476724167e-01
-6.733733488256277155e-01
-8.724033843670748745e-01
7.436585807445530438e-01
6.264713868681945907e-01
-8.097890369071245598e-01
-6.127488412735722090e-01
-7.969849504851846955e-01
-9.913170893889606816e-01
-9.693376738243060231e-01
7.648854914096983038e-01
5.308932010051348183e-01
2.365390599140337891e-01
1.494532768138001622e-02
-6.559343613622126146e-01
-8.899882483478347428e-01
-6.702757583438034850e-02
1.048093579531150787e-01
-3.246905436236733333e-01
-1.833256488269578988e-01
5.978170419358708187e-01
2.145391110291650083e-01
2.915820593474482969e-01
-1.168589840038600780e-01
2.354775973753722162e-01
9.269446393899334335e-01
-7.581329943328549703e-01
3.579440740086525796e-01
1.830927718441386354e-01
-5.987084656651653347e-03
-8.072653916518797157e-01
2.499558893665791981e-01
-5.086601145542029023e-01
2.493520369372332901e-01
-2.700118471096308870e-01
-7.766171197641438262e-01
-5.080545674434535641e-01
-6.910911289740950814e-02
-2.128423450907808157e-01
9.990452455708451751e-01
-6.047819164490886301e-02
9.286207169579641096e-02
-8.752818143439511367e-02
6.594172134012490361e-01
-7.123791692931731312e-01
3.361725689992582922e-01
-8.159604072261017471e-02
-5.690662512784072646e-01
-2.863681048340309676e-01
6.366818278422590183e-01
3.941478134601845706e-01
3.676570997179584577e-01
9.176722635891598756e-01
7.076217482027846728e-01
-4.433040090612867523e-01
8.144322954500275991e-01
-6.891669889346212496e-01
4.372532623522806805e-01
9.362291084284635190e-01
-3.016509495756913850e-01
-3.768898352265257490e-01
-9.541444684120274911e-01
-4.144148077336460290e-01
-3.822451716135526478e-01
4.152198525101384874e-01
8.516901711544266895e-01
-5.107071450542501889e-01
1.210985740975647484e-01
-7.231090161306805708e-01
-4.581905608385494766e-01
-2.249890399305114475e-01
-7.036226944872161493e-01
-5.312465465479032645e-02
-6.203571399340981340e-01
-9.021504274562184289e-01
-4.843478627179442775e-01
-5.767552868202185934e-02
9.369688867078760364e-01
-9.018250188829284308e-01
2.048536565022769373e-01
-1.098557517791665106e-02
-3.001803638312581235e-01
6.111809043792102436e-01
4.328018876112416091e-01
-4.930544221696140372e-01
8.868133691296402610e-01
5.072276595321150161e-01
8.919531817692896158e-01
2.111700509603973153e-01
9.115323154222987334e-02
-9.597946135869428463e-01
-4.717409654726223422e-03
8.709318350613859394e-01
-8.168142513330491905e-01
-3.334483571275230762e-01
9.667778703106675309e-01
-4.363319994028052040e-01
-4.097613489260489850e-01
-4.267248277624013930e-01
-8.961117383220500443e-01
1.596039391357610970e-01
9.628898380499464338e-01
-2.545722202682578761e-01
-6.371609043156176710e-01
-4.110260083802406150e-01
6.889213636823763309e-01
4.648779378138074847e-01
1.761373248317896767e-01
9.654989663202220296e-01
3.935259206750492122e-01
8.276900386458607706e-02
8.997089185453961413e-01
9.949433488279257887e-02
3.661289210664364635e-01
-7.398649629020335183e-01
-6.561137124488141126e-01
-8.682157195906132774e-01
-9.362724698469104823e-02
-4.975832259873422814e-01
-1.589411880547479949e-01
2.384861172954024777e-01
3.914424381335981362e-01
-5.923818394630622208e-01
-7.678770088849851128e-01
4.460890609256535910e-01
6.707121807227749422e-01
-2.434908401800783828e-01
7.177572486103074301e-01
-1.420768279880848528e-01
2.308368194706078569e-02
4.505174304655426010e-01
-4.835778168435285185e-01
2.800585235068646650e-01
-6.236763086632859387e-01
-7.168425922901622283e-01
-4.620588828964895534e-01
6.001954446770645379e-01
-1.780202298025177488e-01
-5.367321306396366509e-02
7.736639964057749896e-01
8.932399715161172260e-01
5.662841325481402510e-01
-5.814558188251917059e-02
8.051508725644977993e-01
-5.209083404673440221e-01
-1.543917091858031387e-01
7.217844664792205656e-02
-3.550913038922738352e-01
-8.770800035604320311e-01
-9.026144489874985410e-01
-3.036677928373432422e-01
8.668563200041310424e-01
-5.792438926329652737e-01
5.743872843864412658e-01
-6.107747297841967793e-01
-3.070122763715477099e-01
3.068141273793725254e-01
2.154740827039192119e-01
1.286450912044738715e-01
-5.749813945684967287e-02
5.837186910301210840e-01
-1.676123124802650910e-01
-5.549323140096047435e-01
-3.757382592833646839e-02
-5.263265677170527734e-01
7.462142841828101059e-01
-4.022689355779958120e-01
7.753833565510457326e-01
-3.828333776605086225e-01
6.909524619905105247e-02
2.342777327723395420e-01
2.645544298647177772e-01
3.635200841528800630e-01
-5.382593745195349832e-01
-6.398357296455128296e-01
5.631957726241156870e-01
-1.010614521249042497e-02
2.290087523842352368e-01
1.520279940088613557e-01
-6.328090326935437160e-02
2.209317355157551788e-01
-3.904535606652246305e-01
-3.954313557348019259e-01
5.642968889905763952e-01
4.622634288746008124e-01
-4.756783725021871412e-01
2.580538219682437795e-01
2.314015885484639323e-01
-1.479914494243337320e-01
-5.650339313955199394e-01
8.819942211058973136e-01
4.114930277249133628e-01
4.071933771897784382e-01
-9.711599223645352996e-01
-2.226978026851913484e-01
8.735905998031014974e-01
5.873493779643061963e-01
-2.011648011272337833e-01
5.474708704265018877e-01
5.073806428876803665e-01
9.045335244727328305e-01
8.417553492058833520e-01
3.049829959100502919e-01
2.152930434053721420e-01
3.577925852335339663e-02
3.335368419825845976e-01
-3.472191114625156061e-02
