-6.384797870240372930e-01
7.504528575552376068e-01
-6.088109326759395534e-01
3.824704656065103237e-01
4.407444938774840448e-01
5.496899223673359369e-01
1.260218484730971089e-01
-6.023104790135456188e-01
-3.387029544480999466e-01
-6.216418689224434413e-01
9.989108551204890496e-01
9.416440785420476800e-02
-2.577751369934047077e-01
-5.751050167622262510e-01
2.533969679322634061e-01
8.504942795968983837e-01
1.365186476978547392e-01
5.091518798070833185e-01
-7.745998218042864369e-01
6.160969453001257090e-01
-1.025258275661513618e-01
-7.591476205487526219e-01
7.996215012968932445e-01
2.353423480733696227e-01
1.280770680960752195e-02
-9.397776220042557416e-01
-8.868451041510654331e-01
5.665926030094954324e-01
-3.591246963734302522e-01
1.069205333726832574e-01
-5.810072743453347233e-01
-2.538519291579739434e-01
6.350496837220440671e-01
-5.227480964847321943e-01
2.433370346757213198e-02
1.000000000000000000e+00
-6.673326023746426472e-01
7.718528420258079503e-01
8.636054081976232144e-01
-7.571937009876201774e-01
7.164912531223421865e-02
-7.786503091072880522e-01
4.540362629269758532e-01
-3.136215041490111322e-01
-5.029632960391519081e-01
-3.664998298461064064e-01
-8.665384068605632706e-01
8.976072561487229429e-01
-6.512993721968194372e-01
-8.762698102681465429e-02
-7.851663791249032798e-01
-1.319356537962055320e-01
-5.216877058353470709e-01
-5.856123874918379713e-01
-1.645646831490228390e-01
-2.448677317139926757e-01
6.455920987560681557e-01
-1.727427265084302554e-02
6.306438396764779686e-01
4.827968627355971876e-02
-8.570473831136227183e-02
-5.181352442030533467e-01
-5.155450485100687708e-01
3.588044494398881512e-01
-9.047947683098884752e-01
4.719798705783295745e-01
-5.178460016235406638e-01
7.907610408514220701e-01
4.718515425226075255e-01
-3.693927963901866840e-01
5.289600952597266481e-01
6.698497518559514141e-01
3.438714596699462556e-01
8.507338519148814893e-01
-3.776569317208291476e-01
-8.194024049794970121e-01
-6.992635709590533377e-01
-3.157252378863217857e-02
2.544544073074581636e-01
4.026269749484479021e-02
5.275627123702970600e-01
1.051740655078108322e-01
-9.576833848429682217e-01
-6.910491251008565872e-01
-4.114173510496419439e-01
-6.156629987437598484e-01
7.055744947288795643e-01
7.170906603246061106e-01
-9.590659991349028690e-01
-4.680350516269686789e-01
4.560626286684241748e-01
4.303717236725839168e-01
4.681495470990217900e-01
-5.792887629304988018e-02
4.259745517586945862e-01
6.185617665825104972e-02
2.041213065387150749e-01
-7.538337657655198587e-01
2.891307000262637317e-01
1.710472083366032514e-02
3.769539792001599388e-01
6.263543719151845046e-01
-5.268053717898344424e-01
-7.936274413290167473e-02
3.397845615887464810e-01
6.857236579150645106e-01
4.464694091956284971e-01
-8.244282293009710383e-01
6.556035604086700719e-01
-3.369258977281983647e-01
5.251835808314302412e-01
-4.788586881804759443e-01
-4.051298458831316118e-01
-2.944528906299777038e-01
3.367954118219411708e-01
5.188965627937089931e-01
6.781414762938844376e-01
-4.205552838934756288e-01
3.401087753346045406e-01
-1.773957599986610845e-01
8.056372323688949511e-01
8.610845653190759563e-01
-5.881997421274038906e-01
6.263549597411570691e-01
-9.693503964259593264e-01
3.810114068554093514e-02
-7.014209976592649110e-01
3.129576040344554944e-01
-4.590220720689242029e-01
-9.002321769293439857e-01
6.020014322433384635e-01
2.490931062953718467e-01
-5.626880461579197856e-01
2.500690529661762085e-01
6.583426690048175267e-01
-7.943510352192362234e-02
5.545804117275190404e-01
3.182156218601186470e-01
4.661699463175108527e-01
4.239197181748387000e-01
-4.587394911053666036e-01
-9.907027489346735827e-01
3.220299851884168008e-01
-1.623909314220521871e-01
9.186570234487000386e-01
-9.669895830147750004e-01
7.872477427217436929e-01
-5.492309339721392902e-01
-3.016847035442742353e-01
5.436547229843182727e-01
6.861341984473423583e-01
7.068756495142765051e-01
7.718509943668503404e-01
5.827476075232735919e-01
-1.397360448547704248e-01
3.968867466238137354e-01
3.069943250380879896e-02
3.300350638678284376e-02
9.889267318294914233e-02
-6.697075462156634185e-01
-3.287749067877632214e-02
-1.587754255703262007e-01
-2.726935046952556618e-01
1.510590107083582545e-01
8.985830868298214646e-01
5.329539388169861613e-01
-6.463635524994355563e-01
5.880215750009742948e-03
-6.615238314432270172e-01
-5.926713840849731074e-01
-7.951043750717978753e-04
-8.540596118333316777e-01
2.525447944429914937e-01
3.631191355829017642e-01
3.921497972843799307e-01
-4.735409165014807797e-01
-6.617436921174529862e-01
3.624843057426658799e-01
-5.213971731526247932e-01
-1.630472945261740580e-01
-1.597324560877149136e-01
3.111976961250333407e-01
-2.840127338648990030e-01
-2.048564869722984128e-01
1.745432593838316393e-01
-6.433164167622511531e-01
-4.620433388885825110e-02
-4.585853887514708127e-01
-4.490162587446033804e-01
1.559316712950453709e-01
-7.032771153260899410e-01
-4.914032155079588460e-01
7.834695788638281755e-01
7.217755674851589198e-02
4.620025574201491736e-01
4.158556518083666997e-01
3.833420638902864663e-01
-5.176512230095888789e-01
-1.666590308928248554e-01
-8.190290274263301029e-02
-7.494343718286764489e-01
8.734921733045664105e-02
6.481999032633001256e-02
7.484313091279020114e-01
-8.214695795761022268e-01
-6.678009977857564117e-01
-9.297008001186291004e-02
-6.463480533190018029e-01
4.644935699553056629e-01
1.234409993741369949e-01
-1.607037585078612274e-01
3.909881665034586895e-02
-8.883703364940840341e-01
4.376884216383927217e-01
1.663124841487593208e-01
-9.125732007059150774e-02
-8.092224442843851673e-01
-4.707693399620391794e-01
-6.548045931872370495e-02
1.331137557643087277e-01
-6.296910831130761999e-01
-1.306351242644685495e-01
6.626609428133536372e-01
6.604590928987668086e-01
-6.768015081378582209e-01
4.097667678794376656e-01
-3.843987150834018429e-01
-2.600938297659818321e-01
1.670451203580108346e-01
-2.450942634851722146e-01
-3.269123572382228726e-01
7.187551975089172540e-01
1.700652471774624086e-01
8.902114151160696043e-01
-4.490466853823209537e-01
-9.359179313947318946e-02
-7.998807016792253144e-01
6.272288793696105813e-01
3.687368873443919171e-01
-7.094281090471370455e-01
6.898499725458420162e-01
3.139358959827445172e-01
6.817760185992918220e-01
-3.747560582458280276e-01
-7.328682605736787092e-01
3.118823576516325247e-01
1.691434317950952781e-01
-3.231111482517545763e-01
6.828535055541098409e-01
-3.122009744463662972e-01
-9.355913120941010686e-01
6.365184260056420129e-01
2.910207802694231294e-01
2.975795176661866215e-02
5.318028104751382212e-01
-3.725369790617141241e-01
-4.973601465165771174e-01
1.425846634386853662e-01
7.548244105888448630e-01
-7.513670544443096233e-02
-3.296190709589625900e-01
6.630228061698395514e-01
3.342285410378453836e-01
1.248037727966950783e-01
6.744604330192676134e-01
