-8.067375413436386200e-01
1.723797429592515140e-01
-4.083530139675906057e-02
-9.034526814766088432e-01
-5.983612273337481913e-01
5.669190842707028111e-02
-6.614698226855293406e-01
8.849486684387539714e-01
9.590341781094677831e-01
-3.863507816039093434e-01
8.964398765012298043e-01
-8.202833854146716064e-01
-7.086213717067542106e-01
9.816129893699578890e-01
1.137106491478896420e-01
1.470693530455431386e-01
5.262960506859415410e-01
-1.653167708133520541e-01
8.123642250129357034e-01
9.347193412249870104e-01
-2.681411985514465801e-01
-1.948381207714002805e-01
9.166045891310266036e-01
4.402134335101706153e-01
4.776875601596553000e-01
-9.457237071384452243e-01
8.781493135784357307e-03
-7.904022508386934209e-01
9.880997752317541849e-01
6.240768942400214403e-01
7.269685256467806056e-02
1.545998735488716136e-01
1.812966629720722533e-01
-2.246036956482428959e-01
9.056658059821416362e-01
-7.651104058540142416e-01
4.015698515930004042e-01
1.974643904098782876e-02
2.778199875998653423e-02
7.738379748385462165e-01
2.657209955760340137e-01
7.601398723962591308e-01
-5.357890484829619382e-02
-6.532985531934654144e-01
-7.807516492201191927e-01
-3.755413800640079458e-01
-2.275570071409724893e-01
4.466757230279352342e-01
3.821692184322914021e-01
2.234658979378667532e-01
4.826117736195592034e-01
-4.851107484655201585e-01
8.093468644729315820e-01
5.206490159030137121e-01
9.413932133550853010e-01
5.695557812263667419e-01
1.523313551722595971e-01
-5.381737775820711889e-01
-1.618851631003416502e-01
7.610162388553949331e-01
8.778967521733842538e-01
-4.028896858905406386e-01
-9.214668229693423473e-01
-8.904175360594850375e-01
1.897532112837385654e-03
-2.501331166234723735e-01
-6.138169179951182830e-01
4.979630207634770933e-01
-8.871555466346852103e-01
5.345003570479001098e-01
4.089304572201803989e-01
5.301349094846334875e-01
-8.802063716718186992e-01
-3.442007897693033502e-01
2.478229829364604342e-01
-1.601960846996541843e-01
9.661856025059163411e-01
-9.402769519813052312e-01
9.104113384170906542e-01
2.552309979235274362e-01
-5.670879375993713722e-01
4.217021541110320126e-01
-8.714217995419193397e-01
6.029785177766311399e-01
-8.542256828238237176e-01
-4.849303337844241835e-01
8.363065966763161274e-01
-1.193723330165552543e-01
-1.971332724702401507e-02
-5.812689159673420924e-01
-2.175884921556434648e-01
-9.667648355361773138e-01
6.966511027761235209e-01
-2.681918773690092905e-01
-9.809694242155433397e-01
-6.119563821503763990e-01
1.494965812770472358e-01
-1.970645285076031428e-01
-5.482804862687344905e-01
7.200114062912270629e-01
-3.736993661879961515e-02
1.767750511295389515e-01
-5.006341560245008981e-01
-7.063209600615993899e-02
-2.615393847924493143e-01
4.181619816800319356e-03
8.129054266495316927e-01
-3.781787651538830453e-01
-9.731438130142791021e-01
2.961953060018958084e-01
5.121508641299232778e-02
3.996880376962304027e-01
3.160972004950528547e-01
-2.721533539274996194e-01
8.516237988195669573e-01
-4.587815680690585651e-01
-1.286945750121160081e-01
-7.368045812315702214e-01
9.771492895493523179e-01
-9.672161520753119746e-03
1.323082898157088294e-01
9.893230677419295738e-02
-3.416202543922532975e-01
2.943485114676116510e-01
-1.706769237736081024e-01
-7.004920100923954784e-01
-7.119749788313298744e-01
4.952433290268820620e-01
-6.768770693852665943e-02
3.798772429405539164e-02
1.755291408862960090e-01
4.130891481071576887e-01
9.166863888780771852e-01
-5.572410001239909150e-01
-8.086216295851482716e-01
-6.198782422198592101e-01
-1.379026326969912120e-01
5.999880723480466305e-01
9.703310757065608527e-02
7.796037470177763495e-02
-5.632565919793988130e-01
6.199808469501402186e-01
8.550328127445490090e-01
3.944382371010266564e-01
4.344284609908077854e-02
9.231439933844733936e-01
2.007117815620367285e-01
8.064236468294561089e-01
-5.785271254309150013e-01
-5.327733652742114856e-01
-9.668613717565746057e-01
-1.103253822525780414e-01
6.197445858861585499e-01
9.212535178775285161e-01
-5.464207669545679824e-01
7.653001085520305669e-01
-2.526115460927167433e-01
5.699194450857676397e-01
-2.109223734020841956e-01
-9.662566916691763819e-01
1.854469379142846819e-01
9.145907710354677089e-01
-4.274455605331304309e-01
1.100468884099925493e-01
-6.064206864556020982e-02
-2.101159884419607771e-01
2.447538437584722004e-01
1.225372310823280575e-01
-5.681663512147379080e-01
5.820042343828601972e-01
-6.639308325944963673e-01
4.549266641462186289e-01
-3.063999537072299439e-01
-4.343931001396783564e-02
-4.069815643568808206e-01
5.865485128369114509e-01
-2.153663750422825096e-01
9.627887621803254969e-01
-1.095335604802663010e-01
-7.885901755221966791e-01
-6.438099945670874291e-01
5.668679592313232707e-01
-4.098847298060538935e-01
-9.068514850427211726e-01
-6.639904078532432585e-02
1.034366480893704754e-01
-6.510811478790514695e-01
-4.755554829983019705e-01
6.523092244863213374e-01
-5.811992654787141444e-01
-9.814626450651098288e-02
-2.332182522439101291e-01
-5.443468210144672970e-01
-7.058734000594606428e-01
1.524480456667598460e-01
-1.993103800294531158e-01
5.144657210004894843e-01
-7.614983335824638822e-01
4.572308569786163179e-01
-6.462573245293238289e-01
-2.356708924480508394e-01
-9.046506107368899041e-01
6.898583546580054904e-01
8.923751661032572891e-01
-8.677657556869808886e-01
8.796822688223497888e-01
-4.976226759680246747e-01
-1.726950661514925489e-01
3.915468875385721415e-01
5.883646751311431000e-01
-7.516864436322823195e-01
-6.156380968968302447e-01
2.020718742012408420e-01
6.836784434172319402e-01
6.357546652464647341e-01
-4.537723170896867941e-01
2.390363424565888906e-01
-1.185360945432483160e-01
-4.064240972219472781e-01
-7.905485679356505369e-01
-2.454877150282115394e-01
-7.266671195989069520e-01
-1.816443786223704837e-01
-1.198473739020469164e-01
-6.295569975480663771e-01
-7.227527602497516579e-01
1.244041365078680794e-01
4.688978309900315722e-01
4.908432019944768410e-01
-5.342397581860112155e-01
5.082904573227202683e-01
9.448574940561944580e-01
9.364136707133146054e-01
-3.251293453018793134e-01
-2.223093619443383684e-01
-1.151260975045720336e-02
-4.670907587908265102e-01
9.425080181910159283e-01
-2.084564453480541868e-01
5.412328962041770275e-01
6.538202207282739487e-01
-1.634203570144141526e-01
4.072835707730142474e-01
9.957570340557471145e-01
-1.954342431870079722e-01
-7.709942304251651279e-01
6.581722196448618334e-01
2.305753914352699496e-01
-7.101440973284527391e-01
-2.552207832003530186e-01
4.970230281088723334e-01
8.696229325063042914e-02
1.598490569039212328e-01
-1.534532677661668565e-01
-8.022102970876505701e-01
-6.562005017043295307e-01
-7.453059453109298627e-01
2.036265433983919237e-01
8.677376734360069399e-01
-1.547659389009892195e-02
-4.608638376025511185e-01
-7.708345330351296099e-02
-7.635215061059459352e-01
-5.075016871465909407e-01
-7.703221959131039132e-01
