-8.958385529970658290e-01
-1.776956522973143215e-01
-1.690171938279492192e-01
3.024746643762081799e-01
9.934803125840840909e-01
-5.879375703386688912e-01
-8.509404362868289162e-02
3.328573393727622953e-01
-7.161475880509282632e-02
-2.910295404597365021e-01
5.514927193616274703e-01
-9.536838958774183084e-01
-1.992526289701568309e-02
7.265303096458395338e-01
-2.139067885467114127e-01
-7.034178138213754705e-01
-9.572738714495807599e-01
-9.090756257987444577e-01
-6.682243851964173587e-01
7.287685599271973569e-01
-4.086032370922423329e-01
7.838743933189433744e-01
-4.162157460484701144e-01
-6.655056530058975905e-01
-3.984453502167129013e-01
4.589028557327998747e-01
1.406558907218724563e-01
-6.790824396942738428e-01
-3.403330732035225736e-02
7.780971193330514790e-01
-1.132161953875163718e-01
-6.430514392223567188e-02
7.614662386815147510e-01
7.844141424055608436e-01
-9.556743377392677985e-01
9.873645326391269350e-01
-6.183876766034375194e-01
3.755130579476884112e-01
5.081980407477095785e-01
2.953314770330268679e-01
8.293524994121521665e-01
-3.354657530181921476e-01
3.673124250245844991e-01
1.873548934685658196e-01
-8.581254831728981625e-01
-9.839247368273740246e-01
-8.690569480030156946e-01
-3.864918008915415593e-01
-2.372516303128686666e-01
3.043484304753092395e-01
-5.094904626722884800e-01
-6.218089542444604767e-02
-5.703613022887537021e-01
-1.814979049658332622e-01
-7.376182613523840637e-01
6.592723395845250245e-01
-8.592802578664391344e-01
1.625970009755730583e-01
-1.083167695899224653e-01
5.099620750429096905e-01
1.156117475273572559e-01
7.846948571029921382e-02
-4.978149377860183744e-01
9.777489028855099740e-01
6.641561928569912343e-01
2.276573873677051330e-01
-1.208561195200816840e-01
1.430232666513056028e-01
7.678105446632388364e-01
8.271921947125761010e-01
7.739574959499728735e-01
-6.039511075495117565e-01
-5.608607120469069063e-01
6.335765097605694507e-03
5.675369397917784386e-01
-2.699540261556894194e-01
2.788132321963190385e-01
-8.010068894789104110e-01
-8.915008870953464726e-01
-3.904580073370136351e-01
-5.616350191965764349e-01
2.839670490645989087e-01
5.702351983201190411e-01
7.273408652573001287e-01
4.067217815257984093e-02
-3.146692019239367699e-01
6.830377054018965666e-01
-2.314901678208849400e-01
-2.676871089402446113e-01
6.190569148275537614e-02
-1.316759398065843190e-01
-9.394479512062300364e-01
6.618230543583765169e-01
-9.483061569655837353e-02
-5.257566013492800394e-01
-6.595087661722809358e-01
7.667128038925579148e-01
6.849456866137351163e-01
4.134423640778246423e-01
-7.141139178051190139e-01
4.680550394410201154e-01
8.307838056449123876e-01
-9.089984091735270333e-02
4.185116626934721751e-01
2.170908752765603467e-01
-9.598748427905161584e-01
-6.455446370642672349e-01
-3.690142419025901344e-01
5.697178879834281506e-01
-8.990706751566750476e-01
-7.746785822413742029e-01
-5.757033135113989175e-01
-6.230939042200955846e-01
1.948192941474737871e-01
-3.972618813172377195e-01
-1.189431864576935283e-01
9.709480624355204537e-01
3.297625991127903777e-01
3.985666545409616290e-02
-7.378142788307924249e-01
-1.219632146374201032e-01
-6.569278618919673907e-01
-1.787695944604823506e-01
5.971447980617161644e-01
7.020163901408300600e-01
7.196467783932800621e-01
4.762460641760924984e-01
6.155030857473142714e-01
2.488686804410766840e-02
5.680984904695967064e-01
2.949019786906694751e-01
-7.203867146312616931e-01
-5.896676806696610207e-01
4.970450508435448334e-01
3.104408209012292086e-01
6.945903725751734203e-01
3.642838039891462820e-01
-7.909454631476851016e-01
6.993244670733853585e-01
-2.689699534508240841e-01
-2.828076105726162748e-01
7.313657375279198902e-01
7.432523626527345328e-01
2.905739735747490116e-01
-8.379512402184292608e-01
-7.734780906215599217e-01
-8.969615964153558885e-01
-6.642666321597689993e-02
-6.113505206313849527e-01
-5.359024354529939860e-01
-9.268026389082197891e-01
-5.847213534922801603e-01
2.863393959353821572e-01
-1.260916647156329340e-02
-2.946100397417672490e-02
1.855000567104070353e-01
2.899556673197865031e-01
4.100578311203366688e-01
1.927842788983940014e-01
-8.798753373649768061e-01
-6.913683248905599932e-02
6.802435591044748708e-01
8.058724505337461208e-01
-7.268837934267229350e-01
1.278446246455551272e-01
2.522959641041222500e-01
8.544503338985547369e-01
-9.632939153299560076e-01
-1.686790604632726343e-02
-9.568520686078010318e-01
4.009530068743571429e-01
9.143208106891962395e-01
8.738180593831570420e-01
-8.783853470611531211e-01
-4.735821915860514153e-01
7.440730353905411487e-01
3.236914248701481811e-01
-2.978840226107724032e-01
-3.152379194188534850e-01
9.680520303737012444e-01
-7.660390754201522601e-01
-9.879251639709629718e-01
-7.056055530828508893e-01
8.235095424430982636e-01
-2.631694629120830964e-01
1.076614527453150227e-01
-4.570162207593231884e-01
-8.243010083174784342e-02
-9.804263346730368589e-01
6.706569528416763681e-01
-5.498233472701135049e-01
6.057228901767433005e-01
2.546706123094437668e-01
-4.893957340519623500e-01
6.977216526180274325e-01
-8.335464828327483477e-01
9.538167222378677312e-01
6.520778760611609659e-01
-4.225829222494816850e-01
-7.443944504738773116e-01
6.087774814674051793e-01
3.162383123670045038e-01
-8.050715424223133798e-01
1.480699517194643544e-01
-7.552039405041037767e-01
8.220059136457719129e-01
7.132682037854358725e-01
-1.187285757921017204e-01
6.164440394655357203e-01
4.877014426442571882e-01
-6.324206737822943847e-01
4.638591941548091402e-01
1.592950154172672050e-01
5.957195405021926682e-01
-1.712475178280628008e-01
-2.850595461624789717e-01
-3.689451090505952990e-01
8.528234667503835631e-01
-1.150973826615424578e-01
9.386496277975791003e-01
-3.551959265586630554e-01
7.449019322971714985e-01
-3.491419640263839774e-01
3.317927677207905823e-01
6.283112425985863947e-01
1.676251745199808241e-02
-1.813283028593082324e-01
-4.164509494065160577e-01
-5.244416281282864301e-01
2.480220704684164001e-01
6.338124537373808209e-01
8.349233941396212444e-01
1.677155906885525738e-01
-3.336047907124570777e-01
-4.591825621140595004e-01
9.606391039610924221e-01
6.596410641029368804e-01
-8.173585415357222939e-01
-9.680733776967798132e-01
6.017208169744445723e-01
-5.157154454751127215e-01
-1.887441348505554117e-01
8.143362520911723301e-01
2.340541971820697675e-02
-9.787744260428890009e-01
5.290659074600041062e-02
-2.944702762208213365e-01
-9.653362349298744149e-01
7.387451056957721196e-01
-2.997135918835014401e-01
-3.301298272223822661e-01
1.418963995045114945e-01
-8.118249481161985415e-01
-1.320322686017938452e-02
-4.377037804381160857e-01
6.689052364022325392e-01
5.059774211734362481e-01
-6.966585183746463183e-01
-1.565149199686177717e-02
7.348229134938888407e-01
-8.778064938992176103e-01
-5.502620751751297057e-02
6.440926719169701720e-01
2.899899552371323352e-01
-2.815170709848797692e-01
