2.371193138160230252e-01
-9.597184596718046912e-01
-6.167177881926728666e-01
6.336545754896860672e-02
4.613549903821603237e-01
3.491624585005381753e-02
-7.487748451485209955e-01
-5.863507156265896914e-01
2.117169896708130938e-01
9.291184519152200227e-01
7.560606639958145081e-02
6.632938623978739123e-01
9.748384661082163394e-01
-2.561831324422292333e-01
3.032303369250313185e-01
2.939375552563516236e-01
6.779564811143146130e-02
-2.331444516625326979e-01
4.975986655203623599e-01
2.807801086138570490e-01
6.902135474840227491e-01
4.844881105635494567e-01
8.566499211244031908e-01
3.363059922292306880e-01
2.905770791056625502e-01
2.926416704527312618e-02
9.848086597522660579e-01
1.236768624483408630e-01
2.606889991501052384e-01
6.430436016372211849e-01
-8.655959976499674191e-01
-5.917147040282986215e-01
2.612438939054377851e-01
-4.773173607713612210e-01
4.372752181039985531e-01
7.599397127442698574e-01
-6.985313826644456991e-01
7.889368997120282945e-01
-1.567234332562554844e-01
7.253663851175784494e-02
4.017737568250854263e-01
-6.590516934104093671e-01
-3.620969321022917686e-01
1.388492862243795312e-01
-3.279948386361799528e-01
6.509869351207029364e-01
-8.492224569171646920e-01
-5.223035373792028757e-02
9.266541184879169002e-01
5.118430070026318557e-01
2.942079701207906198e-02
9.292561221120183568e-01
6.224531123735750349e-01
6.713662743893933360e-02
-9.479892749858760403e-01
-2.083002762150565346e-01
-2.666344892384131526e-01
-8.661057972834753649e-01
-9.197715602300202686e-01
2.073868917279386714e-01
-6.788156440049000206e-01
-4.648454784076085922e-01
1.093626173477462160e-01
-6.167213965495277339e-01
7.306393020999317756e-01
-1.762454395569446053e-01
6.263954047549462611e-01
-2.285189244785854612e-01
8.456383409605655599e-01
9.748906820135967433e-01
-2.423148330551760099e-01
-4.842895090191795537e-01
5.197449535365021855e-01
-7.765856693746100436e-01
-8.574561163658593888e-01
3.134984830827791669e-02
-6.347691607105433453e-01
3.288256489831151708e-01
-4.358290193758764808e-01
6.623861370192027920e-01
-9.962860432006397371e-01
-2.056154349659629066e-01
-6.998739733829822951e-01
-3.649781968705539947e-01
-5.595082119702767809e-01
-8.626378405989167941e-01
-1.306089489956363536e-04
-3.593004955407017587e-01
-2.335538204687079844e-01
6.091194973201536911e-01
9.415765486019729291e-01
-1.546706150806102242e-01
-9.196797909424483386e-01
3.240189947862806563e-01
6.672173888669565844e-01
5.446889685896336708e-01
-5.223718055398220983e-01
8.897627573064779138e-01
2.035728252408171013e-01
-1.277580631679409162e-01
7.786069046635792912e-01
-5.356111874877489409e-01
-6.595093372579071689e-01
4.373673794709436180e-01
1.110575295566074150e-01
4.177125586086005704e-01
-5.599111012076996019e-02
-2.044286615640293903e-01
9.937215693174046294e-01
4.503495432851654101e-01
-4.441922675998129233e-02
3.448643862102558910e-01
-2.880358116863033224e-01
-1.154827508827980520e-01
3.841678268450914313e-01
-2.286894692581096511e-01
-8.404236036725714065e-01
-6.029307768634363240e-01
-8.086546696334542261e-01
-8.841365190350338743e-01
-1.266089807629289243e-01
5.917813677818284379e-01
6.795107940739882890e-01
-5.685725825107941223e-01
7.240770069199753411e-01
-3.156983712467553715e-01
-3.143649633629258533e-01
9.595632025403793008e-01
6.555477915158034463e-01
-8.401486893841079162e-01
3.267314934187668940e-01
-3.090097149288608680e-01
-7.576174118654255274e-02
-7.314067928066922963e-01
-8.452650122915126296e-01
4.007379019203189952e-01
8.865707575830004128e-01
-5.408760429267767122e-01
-2.470894704646141304e-01
2.473145398990928001e-01
-5.160099306225125471e-01
9.540348031476661994e-01
2.338226359785589847e-01
7.316412509493019911e-02
8.174536571574380073e-01
-2.119433460230029098e-01
7.571576144644480699e-01
5.556049800689861172e-03
4.895676919137228467e-01
-5.319867473516739498e-01
3.479384340053515157e-01
-6.700231328124286456e-01
-4.617509849014798107e-01
1.953619269100123346e-01
-3.975006470669348868e-01
9.991837184766794167e-02
7.237657942693100921e-01
-5.841231981511874061e-01
3.400337982161600325e-01
-9.028398227866558656e-01
3.171197629522348738e-01
8.758879397813987833e-01
-2.606997084643307150e-01
9.371774518015938416e-01
1.000000000000000000e+00
-9.971645009405545323e-01
2.921275110629453220e-01
-5.222521744156628509e-01
-1.670983902085834416e-01
4.381601876796592521e-01
1.147708559684152974e-01
-1.031631728037285534e-02
-2.198388964013784364e-01
-3.889459118862899634e-01
8.084991806814314508e-01
8.007215480966076715e-01
2.426612781554635112e-01
4.023348544160127993e-01
6.335669394571679103e-01
-5.494449619022578890e-01
-4.708351566799708898e-01
8.698696184454604019e-01
3.277675013278749661e-01
-5.210728871340992718e-01
-6.085920234707185017e-01
2.912293931111060719e-01
4.888754464718110260e-01
-4.325019877210465324e-01
9.318813154228331452e-01
7.706516533575680228e-01
6.428553676784385384e-01
-5.324995474953977403e-01
3.673499047788839622e-01
2.967729340166123109e-01
-8.282187386750230473e-01
-8.647489717694507583e-01
-8.420652497999503439e-01
-3.365273817857951100e-01
-5.037979520539146439e-01
4.973083198813672001e-01
2.292533602113971392e-01
-1.499024896432476772e-01
6.289965475676122519e-01
2.538149473592965499e-02
-6.892034539235512014e-01
4.616780364970565209e-01
-1.292658575968437251e-01
-5.097671982056974915e-01
5.140245230358180262e-01
-6.161647856046067462e-01
-3.777557429896749586e-01
6.826659486597511650e-01
-2.095862235485148606e-01
4.423234020105977216e-01
6.582892786311818067e-01
1.275881009390766874e-01
5.233605799934561986e-01
8.103002693626422115e-01
7.152371519166678127e-02
9.676208678662512330e-01
4.904862090247223971e-01
4.433341962264047975e-01
4.361380535120602531e-01
8.426090232183218731e-01
5.787681195831896330e-01
4.194032628028934173e-01
7.924205967800319605e-01
9.043102731291983165e-01
5.661675221100859190e-01
5.479208596679872034e-01
-5.348447608672726172e-01
-9.565726026311018870e-01
-1.632135350666086282e-02
1.922512651867633870e-01
-7.355265379968825012e-01
-3.430385762639907021e-01
3.063194992711837372e-01
9.199590493733175167e-01
-6.893370704086208001e-01
-4.323757068831723949e-02
5.336316356784172044e-01
5.562816454395824728e-02
7.127259781462313981e-02
-8.811822663898991603e-01
4.986207374945348381e-01
-8.069021755014971209e-01
9.856213268596152322e-01
9.316602363360193539e-01
3.438397354826105978e-01
8.954048766652040747e-01
-2.383335201788707725e-01
1.600888619036224814e-01
8.883832719003230682e-01
8.958167718797668266e-01
-2.246428750620728110e-01
-8.510181139147312557e-01
7.364692730834543344e-01
2.407219014079453601e-01
6.517411341818823978e-01
2.106797583046628730e-01
7.987461267893315453e-01
5.293971326210935580e-01
6.968845263938648893e-01
-1.081866884228926788e-02
5.652905890218340446e-01
