3.140172895944026710e-01
7.034687694202543806e-01
-4.248893968140883270e-01
-8.176052277236165455e-01
-6.506169858354988733e-01
4.353225672660945289e-01
7.054720187109659868e-01
-3.037298294608081761e-04
1.521108287594838959e-01
8.272287437649497033e-01
2.375424928278755399e-01
-2.519766751232495050e-01
1.865183551364533177e-01
6.363077558919215670e-01
-7.997873503528940553e-01
-3.117551135550844510e-01
8.783027562243461706e-01
5.779819442571785260e-01
-6.143097991778654343e-01
3.613706584835387758e-01
3.947398181424659480e-01
9.637151973624344947e-01
-4.959853959909528154e-01
-3.382263086253476381e-01
6.802111779986195206e-01
5.785381770607984642e-01
1.794351042666941787e-02
5.032900957116845930e-01
8.063132380897790608e-01
-7.506540494652720330e-01
-6.272411591412669907e-01
3.327261035049966509e-02
-4.783711876336611546e-01
5.328311583829925535e-01
3.310110557233896245e-01
8.718929598139837367e-01
-3.485439525382916237e-02
-5.091674400669586875e-01
-8.912767487557391455e-01
-2.290582202800479639e-01
3.815791557000993706e-01
4.597528687325560526e-01
-9.633384745739292931e-01
7.780661969370614717e-01
-4.322181296128362327e-01
1.000000000000000000e+00
5.292793771971568972e-01
-4.058075545540780205e-01
-6.564708385360600307e-01
-2.526238108894436341e-01
-8.935234571624437461e-01
6.811555837821783310e-01
7.891645613163036366e-01
7.296550085341928504e-01
1.952275708723576475e-01
8.591004343060928417e-01
4.996863111585092554e-02
-1.716317725782021686e-01
8.974033484915044934e-01
7.870709914868032619e-01
-7.029022748716269309e-01
-4.446742837370432078e-01
-9.642988816921287398e-01
-7.713232695184442100e-01
-2.310175890524508446e-01
7.685468725392397005e-01
-3.885247434743497319e-01
-2.323550715645810172e-01
7.022453214901602792e-02
-5.083535008445958514e-01
-6.786432571655025558e-01
-3.419948281362539255e-02
-4.322558347507188259e-02
4.805861832097528819e-01
-9.007668604914961241e-01
-9.957607197574316338e-01
-6.138938693365634247e-01
-1.231935015163774239e-01
-3.987811335072461993e-01
5.928108057269183551e-01
-3.421684295585920577e-01
6.367073296454648368e-01
3.022239904879568950e-01
-5.720182171252239378e-01
-1.263861132713206548e-01
4.829992775863505283e-01
2.021577028892997951e-01
1.585746218546908448e-01
-1.492914515672991715e-01
-3.145380893561589009e-01
-6.377232774468113430e-01
-8.360569852348476161e-02
-1.000000000000000000e+00
4.177190173208300550e-02
-1.484693479937237992e-01
-7.814405666659429706e-02
9.350771300972895439e-01
-4.433107457704572596e-01
7.605824821675355452e-01
-9.356861554918662893e-01
-3.680471147864481374e-01
-5.702067543479090173e-01
3.385666899577732813e-01
8.918832578580073722e-01
8.239782809401619001e-01
-3.716771742520701416e-01
-9.460260110506126807e-01
7.261933222907815955e-01
-2.492268638715033902e-02
5.076731728145691402e-01
2.724238951913788842e-01
1.635631358865037299e-01
-3.447875788471004288e-01
-9.695221145424556264e-01
-8.843680611667947833e-01
7.583430158084832895e-01
-3.555146198547110004e-01
-2.576884490127935301e-01
-6.721923687151027949e-01
-2.667551864202024614e-01
9.975383465591747267e-02
-4.274691967140387128e-01
-2.777780180707256630e-01
2.736779019425967796e-01
-4.396722681381763920e-01
-9.154121394515242205e-01
-1.100036874820454619e-01
8.334017745152977330e-01
-7.225507658520973209e-01
1.151830305814762756e-01
9.608884168055988884e-01
-8.170491505579529079e-01
8.157587791573099878e-01
-5.292330577427093452e-01
7.050050181767630875e-01
2.214042926987016546e-01
8.422121547337670933e-01
2.470211940004425344e-01
-9.080278390222535911e-01
6.224691162062121474e-01
6.070711349882202956e-01
-7.769257205255304388e-01
-1.844402387071493177e-01
1.038299388482353258e-01
9.532862306351619353e-02
-7.911157360039844377e-02
9.074912479991135150e-01
7.775570166296608132e-01
7.268653846975472455e-01
2.877400818718249820e-01
4.134213628630636350e-01
5.593368927677129232e-01
-9.395832385408542375e-01
7.078074626679391468e-01
-2.819340227132050014e-01
-3.958444344367616219e-02
-8.105660997205104135e-01
7.619840498144123675e-01
1.211833057206082032e-01
-3.983033095754138220e-01
5.443859686431069544e-01
9.770816027571365137e-01
-9.582058657115817280e-01
-2.988775071834410824e-01
-4.425975520003580521e-02
-4.945915875579809384e-01
7.146042626546269538e-01
-3.011475167528747665e-01
-4.531003575011012252e-01
5.554216178341295773e-01
-2.035613995705818358e-01
5.287834788782013185e-01
-7.964438069665675801e-01
7.045936970687278755e-01
-1.746670813105415387e-01
-7.776325772065881825e-01
-5.523352209010710112e-01
9.237905347279216084e-01
3.916051723958067221e-01
-6.760220007571071665e-01
-9.167872991235179736e-01
-7.608925222041855729e-01
5.375923458542368749e-01
-3.606023479548359223e-01
3.012815280785254846e-01
-1.870711206095463375e-01
5.630435850828940936e-01
4.105242181851795902e-01
-1.000000000000000000e+00
-3.249682542960317111e-01
1.270986945828211923e-02
-5.762866606922327772e-01
-5.845230201044335772e-01
-5.976483512267005693e-02
-7.736402329640081899e-01
-1.351585478548933406e-01
-4.177225786397662510e-01
7.217552302202470127e-01
-7.989527029658222146e-02
-3.981329146758092463e-01
-6.099585208299229677e-03
2.507533398608716713e-01
-6.702667449159445123e-01
2.190249292100285849e-01
2.072250719178712064e-01
-2.025425081309326636e-01
-6.183452425372879535e-01
-7.672957809698339737e-01
-2.857973071636827900e-01
7.762902788391854436e-01
5.294767201881374064e-01
1.000000000000000000e+00
4.224562108442664332e-02
1.000000000000000000e+00
-8.369754453975646324e-01
-2.113922152599410076e-01
-2.643174828007408550e-01
6.534878748062813436e-01
-6.415058562129942743e-01
2.788501796229190255e-01
-3.284369662195252282e-01
4.339961667712075588e-01
-3.362778035105067342e-01
5.221612600952216798e-01
8.813944112728360203e-01
4.024468459242833696e-01
4.028853586842677803e-01
-3.929631216921725123e-01
3.800596633618961717e-01
4.588970701560564081e-01
5.300938974364146627e-01
5.947272222693277266e-01
-5.100267297493756846e-01
5.660867257669146557e-01
5.762151914291667731e-01
6.969031028134893280e-01
-2.330936173247282195e-01
4.862293432190447628e-01
-9.546271266528427724e-01
5.660578783308611861e-02
-7.771995951252974599e-01
-1.105816885654304499e-02
1.299791901176285958e-01
3.012222646837352524e-01
8.715593960790468664e-01
-4.592915510583885363e-01
-6.853583614208342834e-01
-6.539437119168334256e-02
6.260858004473037752e-01
7.343737186626970725e-01
-6.040965853448203582e-01
1.149459730519557521e-01
6.857894280491263483e-01
-2.809038460123083336e-01
3.325990346645131268e-01
1.726151186729862896e-01
7.505110985101968168e-01
7.553959708483519719e-01
5.363918439566657259e-01
7.246277508087330954e-01
2.822753114911245031e-01
-7.797055990140000503e-01
1.172779437573534533e-01
6.020041563756037828e-01
9.329714006155394035e-01
