-9.175336701713516785e-01
-8.571257615718583800e-01
2.095471389931696515e-01
1.000000000000000000e+00
-9.159557905889232909e-01
5.495020906756580281e-01
3.638798301588241912e-01
-7.855371610792807324e-01
-7.484017376855749415e-01
-1.903504978439225503e-01
-4.241335310954430504e-01
4.899430714785268925e-02
-4.939470396543501618e-01
-2.034849888965834797e-01
7.449867631986097916e-01
-3.330279258946033938e-01
-1.000000000000000000e+00
-6.628378475911589351e-01
6.231402621714436929e-01
-1.933028615241727532e-01
-6.284700570197054859e-02
-8.064733851241838725e-01
-7.884753873073571118e-01
-2.791153834787893917e-01
8.295092086875009985e-01
7.348097249747641280e-02
3.863373271122532149e-01
-1.411336398209368515e-01
9.865978257083456437e-01
-7.992065080984476211e-01
7.105640384898207484e-01
-5.099213404943181427e-01
8.480951250536274966e-01
8.463569593876165698e-01
8.231587324255513760e-01
-5.460222385340633977e-01
-7.362492911469171730e-01
5.639179184218701124e-02
-8.032373863356192523e-01
2.778248822875895030e-01
2.799715040020704926e-01
5.949903872900148549e-01
1.295343912713835532e-01
-7.894703155709601461e-01
6.210063015016251686e-01
1.233862655352000320e-01
-9.655869939721630768e-01
-9.523581454231393462e-01
2.657723477180246596e-01
-9.007225528009450422e-01
-6.182103917636772028e-01
3.380768958045650141e-01
7.966516728485635301e-01
-4.186554865930226799e-02
8.361358596573398305e-01
6.644856167898061106e-01
-6.749890272148911796e-01
-1.212117673319730304e-01
2.523496690519082541e-01
-7.960903678081772128e-01
-1.832555838142948534e-01
7.438418208275937582e-01
4.654900310061031998e-01
-7.204670433363005166e-01
-7.550359469582557104e-01
6.492494500558310122e-02
-2.493185703648657103e-01
3.692321565055176613e-01
-6.902044759524681439e-01
-1.498803889856754612e-01
-7.739491087784652334e-01
-7.623108651531418367e-02
2.911215950732874980e-01
-9.387239771673971944e-01
-9.678732171658178673e-01
-2.292066910933074908e-01
3.796954569840557681e-01
-8.195313210682446670e-01
-2.973210512390234150e-02
-6.913121118700714385e-02
-2.679572593653329893e-01
-7.224585184012499717e-02
-5.894511993448280363e-01
7.901991948250501885e-01
6.759219739269599625e-01
3.750831309982460837e-02
7.423137934103042346e-01
6.848256620873612865e-01
-3.322007654511791586e-01
-9.901617129672355411e-01
9.781700290349166771e-01
7.007231131974041016e-01
7.571892890241098684e-01
-7.418495748612965457e-01
-4.983427138526674849e-01
-1.481567448225686867e-01
-4.993857708243432114e-02
-5.775096106830646114e-01
9.192102393978898167e-01
-2.133967116992834256e-01
1.032595937722842194e-01
6.568630160335462431e-01
-3.966354505718376888e-01
2.236121543849134419e-01
-1.218149256660439050e-02
3.977674250197655442e-02
8.547816827921248528e-01
2.044365317672092175e-02
4.766724056394693321e-01
9.891407692074216662e-01
-4.068625895052528918e-01
-4.568428514534048634e-01
-2.183602095878060811e-01
-1.496360965816203592e-01
-5.256506698937035704e-01
8.405020069560897866e-01
1.689112596322617232e-01
3.137454895698621460e-01
-5.447132393947404783e-01
-3.646085982851350327e-01
7.120499131578195140e-01
3.565903564499779410e-01
5.901610981937750466e-01
1.659411983611867036e-01
-6.654178302089706898e-02
-5.448277875607576703e-01
6.826007145087394923e-01
-2.082869921930694534e-01
-6.180375607877719446e-01
-5.567145947323797195e-01
3.636046082474375662e-01
-2.604626950151469056e-01
9.746979830165827252e-01
-9.305340156939978513e-02
8.978420412158161223e-01
-6.074911052100614300e-03
-3.475797907269224662e-01
6.812167439495525612e-01
5.721971213792051980e-01
1.046388587778166457e-01
-5.924270774688444874e-01
-6.384652071459218092e-01
-7.443524862496619932e-02
-3.838888897806542744e-01
7.977585727054832265e-01
8.273139611343722777e-01
-6.250893140826898620e-01
6.497806572728559438e-01
3.483516118791128019e-02
-5.724004054742544145e-01
-2.003650865394375202e-01
5.680135517830531278e-02
-3.546210440884851600e-01
-4.771999904619828592e-01
-3.492700339303884682e-01
6.834435692038163257e-01
2.183028996270339750e-01
-9.232245239018384009e-01
-5.408333474857549700e-02
7.911697242098518768e-01
-9.552626154097139111e-01
1.154298893776606327e-01
2.415334861716693649e-01
3.859972093697754403e-01
-6.866002382149036798e-01
5.963275454774004114e-01
6.093794981078626272e-01
-4.074900418466664842e-01
3.788446567179697411e-01
-5.253001198217115419e-01
-8.430980154464833287e-01
-4.998111464258316872e-01
5.099722871822891523e-01
4.471651948236288199e-01
-1.638418993864143580e-02
-2.303510626681493090e-01
8.753603431276624214e-01
-9.478820890046858461e-01
-9.167302163604429399e-01
1.578593904444369755e-01
6.509534586530030253e-01
4.952451195376086357e-01
4.251173495514368739e-01
-5.881367419811045494e-01
6.678835438371175659e-01
4.082490615734928330e-01
-1.732968299692938530e-02
2.606027056097706684e-01
3.767572794806712810e-01
-9.835544854413671434e-01
8.111492251065588466e-01
3.078304360110776794e-01
-5.586029130678213939e-01
1.000000000000000000e+00
-5.585819188706895311e-01
-2.266888464042036144e-01
7.160013941326386355e-01
8.572686922149983513e-01
-7.905207311784987478e-01
7.004742243630868170e-01
4.602907902157382658e-02
-9.563534104569038075e-01
4.554871420746955391e-01
7.944024615844647030e-03
3.499361721394138036e-01
6.264829007750114531e-01
8.622901379159180202e-01
9.899347193021572622e-01
8.216117749827334116e-01
-7.298453441965380151e-01
-8.169571874796366373e-01
-5.048839560270466098e-01
3.835435733651715307e-01
7.466410925811417520e-01
8.124151956319547452e-03
4.563677170354277779e-01
-7.723273108244429475e-01
2.631415026713335159e-02
-7.138774417648193760e-01
-2.517396484937506340e-01
-2.278479465496821010e-01
-6.743855858731315767e-01
-2.216354227943673205e-01
6.077665317667890754e-01
1.704910264623364369e-01
-7.692556239886318981e-01
-7.329575765067151139e-01
1.460163938885297163e-01
5.735181816654574272e-01
8.748064411758136316e-01
-8.205163305865579293e-01
-8.844745296698270920e-01
6.513567162289468637e-01
-6.323180172090574480e-01
4.313853118772512651e-01
1.807212968212375606e-02
-1.405003119086716268e-01
1.348930959754457426e-01
6.357235543481383200e-01
8.541588349571238581e-02
-2.499339622967478025e-01
-4.758837063466498929e-01
-6.498608077320078280e-02
6.755672851500231779e-01
-1.177130394714134276e-01
-1.000000000000000000e+00
2.247214817399711961e-01
7.521545219305885155e-01
1.743869741616728142e-01
-6.314596838556449931e-01
-3.986118490152672500e-01
1.211070467664876471e-01
3.714244869285616701e-01
7.593609995545358426e-01
2.834094755113781283e-01
7.740743887487782082e-01
-7.335444194592772860e-01
3.851083970417450986e-01
5.036147199755349746e-01
-8.319420240245019027e-01
1.452561821324938052e-01
8.043600841822766689e-01
8.810757187272107993e-01
9.947060172795687549e-01
9.160384457780823553e-02
