5.798422110224383808e-01
-9.379903015557253809e-01
-1.303267938519474534e-01
-1.764096692637611152e-01
-4.152653615477865934e-01
-8.640516350876545904e-01
5.935142128255519456e-01
2.172426810282552800e-01
-2.259786688538225619e-01
5.438279676988337918e-01
-1.884600148227189020e-01
4.439614293793889832e-01
2.943026266208118580e-01
-8.405277960070947074e-01
-4.333805373655160165e-01
-2.041811743672397039e-01
-2.439844186487953870e-01
1.737287524647557202e-01
-3.971221437430163537e-01
5.744996916932911812e-01
-5.785674430288016978e-01
6.282424037337173139e-01
-9.063640729902029403e-01
8.524855288403447862e-01
-4.059338692342839838e-01
-7.011455976163849524e-01
-6.920512386963157958e-01
-8.514331774003833786e-01
7.897175440935493285e-01
-3.912673904298158423e-01
-8.525995211886647773e-01
8.208051278335977141e-01
-4.066321873362097605e-01
4.396000529131989243e-01
-3.786723687923578829e-01
-8.557633620616649228e-01
-9.664014409855266052e-01
-2.151872853820022691e-01
-4.593676723578508092e-01
-4.234946950579041025e-01
-3.073097102673602934e-02
-6.108142289690621229e-01
1.413646907338150793e-01
8.261646591857014776e-01
5.870642858912644702e-01
-2.835705760296154399e-01
3.389195215303784092e-01
-9.129628082163676606e-01
-9.743075894127397607e-01
9.474593806473072810e-01
2.007717289672978911e-01
9.818260763079731390e-01
-6.533494537792075008e-01
9.808937497681746720e-02
-9.178867614348866777e-01
7.969863130876686519e-02
-8.730627494167444436e-01
-8.716364967398970709e-01
-1.319151292199016723e-02
-5.941701399927268312e-01
6.890590313372895181e-01
6.224142358007169751e-01
5.188087952267808056e-01
-7.305507224943215139e-01
6.580339576941915958e-01
3.495781254989691611e-01
9.046001303418469419e-01
2.687804264868431936e-01
-7.414112682241174035e-01
4.797912441420255636e-01
-7.378504159625067782e-01
-8.963547676226941707e-01
3.229225261498203103e-01
4.944415838633304805e-01
7.511880604364093994e-01
-9.463158469925190275e-01
-8.727551190562317374e-02
-5.903536611412767421e-01
2.158460434733273647e-01
-5.298754937897816042e-01
4.724569494864550023e-01
-2.464372640487686450e-01
3.181341816714224890e-01
6.494428146438422367e-01
5.728659555140447335e-01
8.322711221347756094e-01
-8.954649902687772389e-01
6.736733793320859309e-01
1.000000000000000000e+00
-2.368188864288112150e-01
-1.579137459743695793e-01
-8.031713844110042189e-01
-7.355535790592360179e-01
-7.356424225532744998e-01
1.000000000000000000e+00
6.491325613202217903e-01
4.910251064554416178e-01
-4.368975960562215821e-01
6.537851540631267611e-01
2.521348024218150741e-02
-4.512940949441641703e-01
3.920291285607087062e-01
-4.698964875120572593e-01
-5.148202897348030938e-02
3.016326360095253900e-01
-3.641473337103575680e-01
-6.015269433955956480e-01
-1.842242741933375338e-01
-2.242909621028545963e-01
-7.122655465393523677e-02
7.408334122414790279e-01
-5.593195469145586518e-01
4.548600322353857361e-01
-6.318008857433810022e-01
-8.660529165658574779e-01
-9.076844695267847207e-01
9.541887021700983240e-01
4.881468648991724724e-01
4.924949501575006661e-01
-7.414970624132430910e-01
8.773115798804620447e-02
9.106561585196959463e-02
1.465665268135398769e-01
7.005013897718366245e-01
-6.347418357037801773e-01
-4.866960148341188397e-01
-5.736327661591970051e-01
-1.141633902979295456e-01
-8.086249299803325297e-01
-7.661424321816234784e-01
5.598102360523498078e-01
-4.621253239582066019e-01
4.725760465857411496e-01
6.275826038256866468e-01
-6.303434079936163226e-01
-8.909994228288642404e-01
-4.040669843737789702e-01
2.384855798564469165e-01
-5.070735049928554172e-01
-5.003557391261275189e-01
-7.040143212671701178e-01
3.318393636186582896e-01
-4.792307532294980410e-01
4.612179821906949861e-01
9.110285887176838848e-02
5.185531101612241844e-01
4.406460967787222405e-01
7.340217897170482342e-01
6.293326035154672704e-01
6.873408542119555653e-01
-4.377549058150618233e-01
5.281366403977498791e-01
-6.736286863174265616e-01
1.688802492213783424e-01
1.368551020184662903e-01
-4.954037221162594928e-01
5.635571866990476408e-01
9.188208756075766370e-01
-9.135029916375176917e-01
4.585570392103877069e-02
1.792043864220476124e-01
-7.970463293278571282e-01
1.722213050182845873e-01
2.956441258586630649e-01
4.412154092679660966e-01
8.610588665806062636e-01
-3.948684019643571297e-01
-1.559526811890663556e-01
9.562105747933822286e-01
-5.184960635084381320e-01
-8.552622442740716036e-01
-2.354854209164458645e-02
-1.581645632139838664e-01
3.347220765223646310e-02
-4.947987691512294450e-01
-1.306473485640164967e-01
9.578916518341618058e-02
9.933517796290777246e-01
-7.653466495913296974e-02
-8.453689652850302494e-01
8.387114100743104927e-01
1.533895293926119674e-01
-1.000000000000000000e+00
-1.789367318911798677e-01
1.839618370220068577e-01
2.524106689739449294e-01
5.140272774990202187e-01
7.291111910355156933e-01
1.611958587665169862e-01
-3.392166928205944121e-01
-1.911955862319179161e-02
9.997002865249249304e-01
-3.427511977471328075e-01
-3.337755068304513184e-01
8.434487678371518360e-01
-7.938674183762817194e-02
5.044029047087095208e-01
6.954731426566707064e-01
2.738930216766279901e-01
-4.652055292197663228e-01
-8.858938347157816473e-01
8.108549680283423378e-01
-7.131933569645754201e-01
3.203803418565152050e-01
9.662259279519920252e-01
1.049002714873128461e-01
-8.421386778743251700e-01
-9.742485060792684948e-01
4.930547238697313706e-01
7.133695039418925798e-01
-8.233090710924348965e-01
-6.723143355054708170e-01
1.518177633146311489e-01
8.936981592322910117e-01
3.963651596436419677e-02
-3.160554988532027210e-01
-4.487497700380573828e-01
4.088317789584658968e-01
3.579069145518867234e-01
9.586733301013239394e-01
3.426781202699222817e-01
-1.452116100079653693e-01
4.346227353383824710e-01
4.667530054700020151e-03
-4.171839533367788233e-01
-7.052096633221729416e-01
-3.819083583626481371e-02
-5.735080282525011341e-01
8.146676002193076194e-01
6.722171906828489085e-02
-7.373126802624363485e-02
-9.694252063789077223e-01
2.545719872722906896e-01
-5.908507133999070238e-01
-2.628646904503797455e-01
2.317831836085608721e-01
-4.748846076873780575e-02
6.920494567258737018e-01
7.614621440154567544e-02
3.463241731606330198e-01
2.884957493678557139e-01
-8.124204301038944198e-01
3.224788293111937598e-01
-1.656443101902143056e-01
3.222914754257550918e-01
-4.543131845061365581e-01
8.997937249946950100e-01
-4.467146596644346879e-01
7.911745092388868805e-01
4.122525283386893058e-01
1.724875196051010029e-01
-3.842974064164803583e-01
2.085889298601648623e-01
9.276882180492593832e-01
-9.573667451930276684e-01
-8.978997626891860317e-01
-7.754796634549032674e-03
9.572325311564144901e-01
-9.577307190511714641e-01
9.634622518934548019e-01
-9.629691168423251124e-01
-9.248905072912527725e-01
8.506912953612522088e-02
9.105221396643363718e-01
-2.067064651924430674e-01
