-5.052652507366894863e-01
6.645776818069637493e-01
7.144662193623534385e-01
9.750375675051454749e-01
-4.845425672103325088e-01
4.934134160487784193e-01
6.723086301834912959e-02
-8.171454291850670515e-01
-9.584595832836743101e-01
-3.773409586370954916e-01
9.186967967318524497e-01
-1.915840892903727388e-01
-6.044612693493713884e-01
5.530154618312901338e-01
5.029868275208475570e-01
-6.175304467253768248e-01
-6.452557783303478622e-01
-4.829050031079251681e-02
-3.718457314219918430e-01
-1.984195428383581650e-01
3.311933301491936099e-01
5.464944260906388074e-01
-9.350919028388440246e-01
-4.998017037170283672e-01
-5.762839919606572714e-01
-1.995273322643686953e-01
3.301501411062959246e-01
-4.349117120557501881e-01
-4.061753240731880155e-03
-6.994333202935294480e-01
2.526755234795645677e-01
-1.417076014488005686e-01
8.942836653701597971e-01
8.222977184748592183e-01
-1.009434760641821430e-02
2.876121354734340052e-01
7.976168033341699548e-01
3.068008456442914422e-01
-2.511048216424982549e-02
7.976102688238748684e-01
-8.860940429401322760e-01
3.494625792613279547e-01
-3.786538153151062236e-01
5.585479373062074426e-01
-4.427386493267952972e-01
-1.034100509194357809e-01
2.226820949378898185e-01
4.554489619595103456e-01
-7.872847847948902800e-01
-3.118414944404341860e-01
-9.177501702786912130e-01
5.312475241004519511e-01
-7.884399247777527098e-01
4.780204452189511510e-01
-8.039393693054326384e-01
-5.020715486549937046e-01
2.954492126447783029e-01
6.466357932328148372e-01
-2.852276799362774007e-02
7.684040032688096433e-01
7.072612020754434070e-01
-2.759425908488299939e-01
3.672134306785337365e-01
-1.400904409868943823e-01
3.107719647245268391e-01
5.595243930397717502e-01
5.971594217587143927e-01
-2.674941864620747900e-01
4.177364946402009060e-01
1.109690637258422541e-01
2.778916234712038857e-01
8.314978626572289144e-02
7.781087007761224861e-01
-5.014596576035132980e-01
-9.275645963452650022e-01
1.791352649622095505e-01
-4.580683086808596816e-01
-8.932069108195581641e-01
3.201811830377119250e-01
2.921858575659326274e-01
-3.704964866190723072e-01
-3.303303496043674681e-01
-3.471340261574000774e-01
3.054552910908998609e-01
-2.438954981331544758e-01
-3.315849577821623484e-01
-6.448998506662035890e-01
1.861519696675557611e-01
-8.431288887605323801e-01
-3.933746005631488796e-01
-7.169929818441799219e-01
3.718919607136772498e-02
8.715706866075108028e-01
-8.995404655272509764e-02
1.172163148008666944e-01
5.658141191187240349e-01
7.732422045716331738e-01
-6.508884054724988211e-01
-9.577144690778389702e-01
-9.216072324398385529e-01
2.933115781294721724e-01
-6.330330335419491750e-01
7.181915767491409142e-02
9.405485886515094762e-01
9.653898546980463902e-01
-3.571719878411303561e-01
-4.009443832916825823e-01
-3.563715703156502546e-01
-9.791324108527332815e-01
-1.404654678077610352e-01
8.552189391616620284e-01
2.425643464108737657e-01
6.636604994171981797e-01
-2.872068720055831470e-01
-1.653543830329484710e-01
7.118071020019220985e-01
-6.745796487128448149e-01
-8.783060883086002413e-01
8.481337045239187855e-01
6.044838405816368443e-01
4.756869863625419192e-01
8.365623512653967975e-01
-6.851319758407700133e-01
-3.433435644162037281e-01
-1.000000000000000000e+00
2.699564503781996527e-01
-2.022337916298075911e-01
1.412489437493169575e-03
1.630190264409934198e-01
7.004127239181845432e-02
3.639132262374371596e-01
-9.550731269596144379e-01
-1.009404705946532199e-01
-6.800312664379160044e-01
-9.167226583541729923e-01
9.195902996630231918e-01
2.761109089689406382e-01
-1.206296523590271175e-01
-3.642384129895672729e-01
7.782379774250838267e-01
-9.366384959428244450e-01
9.437542311318574129e-01
-2.083837486049444632e-01
3.061914049807747951e-01
9.038403784082951198e-01
-2.459730660095769128e-01
-6.377840786962984954e-01
-1.066221017216280043e-01
8.708308426243500655e-01
2.504794463611346167e-01
6.373281681937026377e-01
-8.594082280450510147e-02
-9.312008030237115541e-01
7.530970763819086478e-02
7.904149111525060611e-01
7.497989492118339871e-01
-6.967256761798936715e-01
8.001552113778163111e-01
-9.169853944498858045e-01
3.484423966321066324e-01
6.758557614480402709e-01
-1.399250615694096478e-01
4.564614776254003470e-01
-9.733271711608744159e-01
8.584531884998842788e-01
4.130336203868008038e-01
-7.462305920060230413e-02
6.439824788829036084e-01
-3.336685502118226232e-01
-3.465145066615504810e-01
-1.681246647385086224e-01
-3.634326624736856637e-01
-8.668506390146484275e-01
-3.842053695291958171e-02
-1.937418009244492034e-01
-2.850177144847718669e-01
-4.512707772396762351e-02
6.962082450693598545e-01
-8.350702011382120649e-01
-3.207499467970253981e-01
-4.137493984250635304e-01
-8.352861271973204271e-01
-2.101784641966326639e-01
-6.017655069707978921e-01
1.207894926530299617e-01
3.827684707126144392e-01
8.692873042051916244e-01
5.077954494417395992e-01
-6.249518008128098767e-01
-9.442356935248961136e-01
-3.485629552347342397e-01
-3.715592834305458947e-01
7.106389390269829409e-01
-3.558931594008427624e-01
9.778613655382129011e-01
6.717937742501502996e-01
9.320535377198697624e-01
7.584509913137813530e-01
4.426915034297715934e-01
-3.506656182613341333e-01
-3.082673360918268823e-01
4.268381711750457441e-02
5.588463116336650494e-01
1.713994444176376586e-01
7.115143936256436152e-01
1.788542513756086194e-01
-4.553573817051859152e-01
-2.017442788719845392e-01
3.228123488322816037e-01
-7.675735090562442187e-01
-3.869255554301278544e-01
-3.666734451362763103e-02
8.500805225144432153e-01
2.437684772096041230e-01
-2.127051750069539615e-01
-2.966032148058732609e-01
-3.235349815301915011e-01
5.472625621755093928e-01
-1.253169946182306482e-01
-6.379140943990551094e-01
-7.288978522477109756e-01
-9.684913829530237273e-01
-2.299070192820351632e-01
-5.082696148769165756e-01
7.010908948645544481e-01
2.478193929027705522e-02
-6.696546047777389710e-01
-5.522862874229066410e-01
-2.080194542170765715e-01
-4.309001769171401097e-01
-8.675327255549840633e-01
5.059255307749748187e-01
5.032763758176621582e-01
-4.941615986645717662e-01
8.420088712934790109e-01
-3.411674306772551901e-01
1.905941453588195778e-01
-6.436859558093996903e-01
3.195581657042165791e-01
4.799974144476697457e-01
-1.512749539707569646e-01
-3.451559840687257186e-01
1.025639828260915820e-02
-5.557639079897918055e-01
-4.947252888550532912e-01
-6.988220400959836986e-01
-9.701555487678468204e-01
7.676032628593161267e-01
7.127375746516534383e-01
-6.980788587137913837e-01
5.096173018560381518e-01
2.412036787785893921e-01
-8.661583143966793408e-01
6.645843141867515680e-01
-1.032233453884183749e-01
6.915072725934074960e-01
-6.634719822435899417e-01
6.920486057020553972e-01
5.579029004887048337e-01
-3.147498832560122750e-01
4.553361210476514209e-01
-6.345808247893707232e-01
3.156392626811865831e-02
2.085255712737292821e-01
3.949494488411020576e-01
