-6.320497830140030526e-01
4.147528282611818717e-01
6.431378026197824838e-01
8.999937068956977981e-01
-2.735745936831392999e-01
1.185064584941950550e-01
-2.323892591453120549e-01
3.662119969671717712e-02
4.120590239962202972e-01
3.580570899008843622e-01
8.599697376985571129e-01
-6.547165424524947763e-01
7.043493542710492772e-01
-5.099590075589781613e-01
-9.838236630103540659e-01
-6.087157904233191363e-01
9.806361340788687375e-01
5.831467994612666850e-01
-7.083677300303656832e-01
3.033604566185701401e-01
-8.028634038254962579e-01
-8.760858373988842374e-01
8.876809325363981262e-01
-6.627233381939654500e-01
1.170572250820516302e-01
-9.741070154580584450e-01
7.298567625712080176e-01
-3.296239720112141836e-01
-9.011700142396434909e-01
-2.555467339849866182e-01
3.741986811177711036e-01
-5.082571152075399112e-01
-9.995270595440224337e-01
-8.052347200117315751e-02
9.977692409491423220e-01
5.423288437958440067e-01
-3.194274184893797219e-02
2.495771514894156162e-01
8.753266706151932031e-01
5.677598533931327296e-01
7.139995623097115107e-01
3.116616486363639194e-01
-7.696907273348847500e-01
-2.854791599791852708e-01
-8.911073960918702852e-02
-2.033374104722851516e-01
3.423803928644335581e-01
4.249026791143450943e-01
-9.718927883961914205e-02
9.546309676946704847e-01
-1.525635169616779141e-01
6.694651073120649887e-01
-8.662435280261771009e-01
-1.592132320588250938e-01
-5.341152698565478918e-01
1.980847198346324944e-02
5.100576740206383963e-01
7.417042243169069682e-01
-5.987997258568962256e-01
7.568800779650424193e-01
-2.479324727875524825e-01
-4.826323861735102305e-01
-3.233794459891403683e-02
-7.215801596507580573e-01
-2.675992106067361931e-01
1.321620308904145613e-01
2.618783900525982755e-01
-1.704593097684721226e-01
2.606606110633964413e-01
-9.407190611816569348e-01
8.194366653472142659e-01
9.409347015311051443e-01
6.705954241960652151e-01
-3.529883097156560900e-01
-1.964407808297297109e-02
3.099049552366532900e-01
-1.187844700715268154e-01
6.914005297052914223e-01
3.894865149319188813e-01
8.214998507187258880e-01
6.084486101246051604e-01
7.287693280522415940e-01
5.335439884873818261e-01
-5.322206174590302652e-01
4.513354449111739441e-01
-8.440787093270383235e-01
-7.150888448360313010e-01
-5.908398322017078819e-01
-9.715984848022163334e-03
-1.494594515819001046e-01
-8.229494761743785247e-01
-1.805939256192874431e-01
-8.398818587001810609e-01
8.376185266717970368e-01
4.240245898226535637e-02
4.648336903666405728e-01
-7.178941349805803007e-01
-7.094763673559032480e-01
-1.627262886040723444e-01
7.418165285684423793e-01
5.945838847645981140e-01
-4.400210356273597245e-01
-2.143572460710361227e-01
-8.391510436552529484e-01
-2.378114036548910626e-01
-4.509673140660193091e-01
-4.780536617047090875e-01
1.582020022420431715e-01
-5.446512238285499130e-01
7.202697638835795502e-01
-6.638527242158467345e-01
5.543092422079820558e-01
6.884661597155170565e-01
-7.850513501048439480e-02
-5.093167121640893580e-01
7.017415598498493168e-01
-7.113506157143683062e-01
5.681252979996551655e-01
2.408594460059567677e-01
3.636709848042716242e-01
-5.551666705958440140e-01
3.971721384418689382e-01
-7.481113754321131459e-01
4.999109764940667944e-03
-6.377811240741015908e-02
-2.526344850715167567e-01
9.117438727089011152e-02
5.455733798096387144e-01
6.425421977200385104e-01
3.413575430159332402e-01
-4.943954227647349153e-01
5.665865964757887951e-02
-5.615836532622733301e-01
1.923131910700579539e-01
2.465140577365318997e-01
-9.953593360434911386e-01
-6.108745211680399745e-01
7.558815489692132239e-01
6.637364717060327823e-01
9.319567619692175064e-01
-2.128145655918631807e-01
4.988683706503771464e-01
-3.161345443625060980e-01
-6.587564570855279911e-01
7.583436423198641751e-01
6.894493179608591760e-01
-1.066946527262295774e-01
2.619690147747899545e-02
-5.681419885501717282e-01
-7.604787396405798816e-01
6.306738878793189951e-01
-1.597326590802816693e-01
-7.132189433940172574e-01
5.617938804228250760e-02
-1.990965960681456703e-01
7.309859935519047447e-01
4.617856965085780363e-01
-1.139300507523026695e-01
6.981196092339820858e-01
3.195560832647432736e-01
-5.316854836683551078e-01
-5.200064722276385165e-01
-9.626949564004791959e-01
-5.988968879611005214e-01
-1.177331894955575553e-01
-3.976334189088670534e-02
9.269392608196691530e-01
-4.488637177649081877e-01
-9.272680697071811196e-02
-1.324540471890252036e-01
-8.894446053182085699e-01
-5.631714200953719107e-02
1.432542247139103608e-01
5.755196659022154826e-02
7.575702582613041969e-01
-8.120733881209947214e-01
2.437459191442465922e-01
-8.929803132604101634e-01
8.769841171104815203e-01
4.728525786106541062e-02
8.744682114788722149e-01
6.431634849197225279e-01
9.602694476411888225e-01
-3.526699899157272888e-01
-5.491250854977367535e-01
7.042372118690209959e-01
-6.113326651338137907e-01
-9.182133645773014052e-01
5.491829150641369672e-01
-4.906833365295775184e-01
-6.851125612172039858e-01
3.195573249517613679e-01
-2.303677202417084846e-01
-7.940405025911960735e-01
3.458215560049302528e-01
6.306754351900321076e-01
-3.433035758129099335e-02
7.578044025060770572e-01
1.140391376181002503e-01
-6.068807833633531601e-01
4.658261671995655995e-02
6.552153963495865874e-01
-1.715507402175786567e-02
-8.865940338072466620e-01
6.391636318878004541e-01
-9.952077110560892947e-01
-3.941998600383407325e-01
-1.853554859280821532e-01
2.960768165687002185e-01
-7.605206179155108437e-01
4.523240812910007680e-01
5.463323027736772808e-01
4.259205327579924649e-01
7.673553254015532676e-01
-5.177251792703503330e-01
6.514682720761044710e-01
-5.483240233603350333e-01
-1.084705596563968477e-01
3.831081974087926501e-01
-2.439096438506349607e-01
8.162517553789376823e-01
-1.516184480329203499e-01
8.125324336456316576e-01
5.009732487727043271e-01
-6.083919150598759984e-02
-9.388290365222817790e-02
5.453201414253487922e-01
5.174893242765743473e-01
7.765603265702971658e-01
1.951976981686409651e-02
1.647069086925505577e-01
-4.256247834510049621e-01
-8.792710043611375870e-01
-1.416507798634294435e-01
4.654292374370501140e-01
-5.255775898083101527e-01
1.883224542983119587e-01
-7.235932425126421208e-01
5.677079006264198480e-01
9.351556547244186390e-01
-9.917390743855043489e-01
7.561804308787545281e-02
7.323086145551309656e-01
8.900796509529427247e-01
-6.388961404946535971e-02
2.572374339027876378e-01
-9.094344635603666127e-01
-1.171026059972857247e-02
-1.302794821766335431e-01
5.476228621507506222e-01
-9.864174832780250313e-01
-2.877769281672009072e-01
-7.131681566401397721e-01
7.815677524795427988e-01
5.958884082436632923e-01
-3.039620205359021554e-01
6.567994490841444488e-01
-4.618403272223652323e-01
3.512869058749690243e-01
2.350623298227076940e-01
-3.767425906162387150e-01
9.799715789477891903e-02
1.356554751063332453e-01
-2.116165879280589301e-01
-3.151947133561152636e-01
