1.0
0.22286523308259254
1.0
0.8949752840631644
-0.3515339494163746
0.1186249628140655
0.9506125109172142
-1.0
0.04612138787763221
1.0
-0.3131018932176059
0.18252568566158603
0.0016482679213536966
0.467222898329614
-0.30310135312524566
-0.07433886307549227
1.0
0.5381756730384439
1.0
0.1354822800746081
-0.17032286693498117
-0.39328295533386676
0.8033355084889133
0.6258041941772347
-0.10575676360243969
-1.0
1.0
0.6461066382521947
-0.6639268208868903
0.09640163791224983
-0.009690424401052888
-0.0769382393419678
-0.6132924056243644
0.032861545234907474
0.46716334807742826
0.10175693927581442
0.3765442193148242
-0.605848294218985
0.3270292412782379
0.5218153398945319
0.08842285064326386
0.6907136041148516
-0.7724278185869818
-0.23605429024743046
-0.6315433559176924
-0.21734053719039542
0.8610692930348025
-0.6516356898143763
0.8893903734326115
0.6228098972197963
-0.10341291508645462
0.27346453518650066
-0.016134808775388552
-0.1377078494443189
0.7840069926459932
0.16522667041914557
0.8097478758478315
-0.1688652160240528
-0.9146828647557406
1.0
0.06715521613537126
-1.0
0.3400732526113644
0.06143729953119953
-0.3132104806644649
-0.6511554603369498
0.9022309065078783
0.3903289702437609
-0.4406668050442527
0.11239295494337827
-0.5459935020719698
-0.2532787367394441
-0.0037361274469666673
-0.5367249281973961
-0.6814773699870846
0.626665257692194
0.43956708318928644
-0.07356732307887182
-0.8183868123986484
0.41614037060320797
1.0
1.0
1.0
-0.801807421822268
-0.4244347602133036
0.15165410975270346
-0.7768581121175658
-0.728369783910191
1.0
-1.0
0.204334633580541
-0.3607993876616
-0.21353842705019443
0.4285134632415844
0.11926065567252352
-0.6484005321572438
-0.41767593865130176
1.0
-0.38169627633817743
-0.7672827944130223
0.11378208055226388
-1.0
-0.11123044846105637
0.7425471492251573
-1.0
0.3792406248929737
-0.4348269086980825
0.3233837462053344
0.8078066616892743
0.27981913455094565
-0.4599038395052749
0.9276625829528785
-0.1813650456354678
-0.5462351344451067
-0.778244176410247
-0.45798861193746365
1.0
0.44946865159769006
-0.5082749346793678
0.20212644471433888
0.495211513329322
-0.36152147279151564
-0.39965848447967334
0.16960263134541556
0.23318681681516146
0.34561694536415377
-0.12433946454630725
0.2909933688927695
0.8502362956724918
-0.6438026499958989
-0.42233728734600784
0.46753198032963833
1.0
-0.4541001363937125
0.8673647025377336
-0.45008865565296385
-0.8022908151974981
-0.24567711144622667
0.5910532359918668
-0.9147082281699104
0.043988899880147626
0.23254188602653403
1.0
-1.0
-0.949470013407008
-1.0
0.6593434705426215
0.4810970879822726
1.0
0.9068293131643499
-0.15182267826662116
-0.07125848726415462
0.6003380981213853
1.0
0.3095390404641885
0.07015252779235323
1.0
-0.3809614283731136
-0.24916243376785743
-0.7329227083873998
0.5130690232819577
0.0419667339479623
0.4540215395995544
-0.6480348004595897
-0.056677357400395534
-0.5727993440645054
0.011862361842678082
-0.7260255760103084
-0.6197599281101778
0.5996351190894162
-0.7434623328368921
-0.14260316482267504
-0.2946420437383511
0.3184677728066037
1.0
0.5769537509998686
-0.4004785951798329
0.43867801614508795
-0.21270535697209403
-1.0
1.0
-0.3133007251857686
0.2998382441931501
-0.39357936815189776
-0.2907646034681917
-0.1914038541434681
0.4906730826061224
-0.17219707026654552
0.1667647733250307
-0.40686075244079867
0.8326758841449289
-0.6982564348429663
-0.2887463796377674
0.008199521027515921
-1.0
0.7116014646123433
-0.09114717389614686
1.0
-0.24929760249932809
-0.7498586380916168
0.5124098173599366
-0.8236658548517761
-0.1352512669300176
-1.0
-0.9381556720639525
-0.8761568325531757
0.11179560786920695
0.21847796899568772
0.5652359256387272
0.5740654283370152
-0.8846701944972643
-0.7328478097984663
-1.0
0.9841098031776249
0.23776765101239905
-1.0
-0.1763857503160705
-0.23297534711839055
-0.2242630018352182
-0.12881911627594256
0.3144569105693736
0.46556948878771093
-1.0
-0.14339220505566885
0.5426543342118856
0.0006105745064609869
0.5991185335520345
-0.1927912959522559
-1.0
-0.698134628829375
0.6534813854238541
-0.07450360321161476
-0.0873948191820928
0.34098154533237585
-0.3813532041675354
-0.8611921627535367
-0.17180862093577787
0.5401344568890442
0.5908156890359658
-0.22229092129534828
-0.34719082020056397
1.0
-1.0
0.3103626563868104
-0.1691355850895564
-0.1875824851901686
-0.2629184096917979
0.7219534388335553
0.8922746282255016
-0.5203189509824374
-0.6885027963624744
-0.5624611649880575
0.3806775144448067
0.7602412435599636
0.7629510632931409
-0.030205034880557435
-0.28578941993398643
0.06160277543121137
-0.25769479167514364
0.9509421149766082
-0.04161920642187783
1.0
-1.0
-0.6324428969220528
-0.7450174641001001
