-1.0
0.2978969632262581
0.48952253658018235
1.0
-0.2647027187546202
-0.20082255877211297
-1.0
-0.8331059817300193
0.16826667791036726
-0.18406701263673364
0.12812776223639932
0.6903053844842411
-0.11119946753902726
0.49592693879542576
0.01281316146545904
-0.213841591927037
-1.0
0.2496978257409748
-0.6776600581010802
-0.31067958884600805
-0.3877587506789462
-0.18590191861106536
0.27580875027075946
0.0567830107747831
-0.7455426706336202
-0.5346365920509177
-0.8379514521523407
0.14689055840443185
-0.12769084138192163
-0.10882875112817696
-0.9405630510997135
-0.28684946321751137
0.025543419940266987
-0.659369842964799
1.0
0.2693188476017343
0.23529436216577057
0.22888606544159457
0.7447682849722693
-0.09404708061715153
-0.6625381550520185
0.373271943386435
0.13923385774811886
0.14677050030195582
-0.14779371282188905
-0.18926925904675163
-0.26667509620274293
-0.09243684415228706
0.10035797717201467
0.008905515565086838
0.13401816266999914
-0.08892141609262218
0.3099908844799659
-0.7852652795967098
-0.6957338796264688
0.09647451120598502
0.3519930886336263
0.7184084446959383
-0.3733898995373765
0.5581687584088165
-0.5247449535204032
-1.0
-0.7193827182815712
0.4319747170531046
-0.6340238819809388
-0.05589317552642004
0.33914782378550007
-0.7674115663906227
0.06252764785004178
0.2646557145619689
-0.08579112338459882
0.21325212969810237
-0.3585308766296383
0.32858045162097527
-0.1576044003474883
-0.06199888988951803
0.9176845073755879
0.4866862673240549
0.7090401607083608
-0.1237233929430251
-0.4281179574582295
-0.46690084599211
0.5045701281985722
-0.2971751407568396
0.604519218107686
-0.6457299193496641
0.30163582376783327
-0.14969247287780063
0.25472278838949236
0.5111119728358814
-0.43912625176554576
-0.1123254899610697
0.763558416018379
0.08145733650869139
-1.0
1.0
-0.1856512320558956
0.704087449064337
-0.3021157625163663
-0.40205495450503603
-0.11902721759614417
0.09060908636694393
0.7571357176432809
-0.7469535427658865
-0.4768238997130082
-0.04586304543176943
0.11925608495473632
0.09089209908771344
0.7533306326507085
-0.2425954932697106
-0.22682590501034727
0.9608504411305454
0.050889200056155694
-0.05072097410185276
0.4640385323586473
-0.37490146895985366
0.08659639582904946
0.5445950664030692
0.13863065508513536
-0.44701015252452403
-0.7018166757701023
0.5834044251659505
1.0
0.8585873417817761
-0.851266085799708
0.22627101344124775
-0.12407889676347601
-0.6281132823618676
0.12702653626576854
-0.1712315756866275
0.17429977554672396
0.924798752763411
-1.0
0.10966339497011256
-0.6710341481199328
0.5829959343625374
-0.10364267641735381
-0.44105076980457614
1.0
-1.0
0.5381056690898433
-0.13962936686982083
0.3970234505407448
-0.1299711646712171
0.2573431210942607
0.39016934664301967
-0.009263454290449554
0.4334353599077209
-0.038941129876778176
0.46304690890714667
-0.0916350089476968
-0.16068941422836389
0.22526903125035405
0.6326550926353838
0.15081333180425616
-0.36299596794854544
-0.425080022656306
-0.0132657751447312
0.2639618100587325
0.7506977991747963
0.7216712637624627
-0.7657512362284863
-0.2364523858639204
-0.14377222498033243
-0.3706497623805776
-0.11051520337493516
0.514420898841701
0.1626069621229236
0.6695224342418225
0.2828720925854831
-0.2647275887729862
0.4745414719877879
-0.6891664018174873
0.1881623875002193
-0.4627550385824092
-0.1589007485123488
0.05727807363359486
-1.0
-0.2049429397260862
-0.8682262487362479
0.8627418147558665
-0.5086045614020828
0.08472996103505383
0.017241627994508842
0.0644731529129205
-0.3737887801280387
-0.22198943446453342
-0.34461420878521276
0.2840388902869293
-0.06900349010106371
0.711475512471969
0.8176402740849316
0.5000431614937463
-0.9068566604515659
-0.4501328196195625
-0.6473252916307761
0.09500951188064255
0.6527970413054149
-0.5090537898441361
-0.5634595136475496
0.5437818779842444
0.3440428716725478
-0.4044782526359437
-0.15255026349916284
0.6115094805741046
-0.024719673343602658
-0.3521419032464747
0.7186805162163596
-0.12225734172465992
0.06205542980263192
-0.5873856003371363
-0.08412964546931441
0.14115600961224783
0.5181429227786469
1.0
0.4411943243692741
-0.5793120969752783
0.08885936798402148
-0.12221914571098455
0.5047505529703843
-0.03892301735376558
0.12280472217196128
0.29806667531241116
0.9391917910997065
1.0
-0.649514740206249
0.23048520112313906
-0.29638836669797936
-0.3027780090655225
0.15492160207575825
0.26357982521892626
-0.39628761287979547
-0.12412761622741939
0.3062581503975794
-1.0
0.26697107164803413
0.008810719850831409
-0.09886409007696331
0.014983517943375121
0.6178435328003162
-0.3519607219587656
0.5328070168383489
-0.2184377319917151
0.009781873445842202
-0.2521024715052625
-0.43018875834743525
0.41990858747236653
-0.7712034579454179
-0.09209749749633114
-0.03478109949804283
-0.5074452745571933
0.9704723611839366
0.43270670819773055
0.15807744657084016
-0.08188042317089719
0.7937653707984365
0.9556506088159454
0.7092167634441179
0.6528833278288119
0.06206804058950051
-0.0284774281739448
-0.39594621026692184
-0.673264643217477
0.17965086960798085
0.6420796795227395
