0.23650645664743514
-0.7476840880639297
0.8982447006171157
-0.6140987995540045
1.0
-0.8282639812911349
-1.0
-1.0
-1.0
-0.34497634541821115
-0.9092393635888144
0.8401182265207122
-1.0
0.8059823977254484
-1.0
0.4471910930112221
-0.5889930021099987
0.5085666134685862
-0.945423744729453
0.723410934962236
-0.08781578771481477
-0.3868439384014719
-0.7594972416522954
0.6815799751395604
1.0
-0.1419011889175741
-0.26575425069711983
-1.0
0.053638093615296034
0.3239449861000673
-1.0
0.10274183552174866
-0.09501027269598644
-0.4902233773682657
-0.27124386359258096
0.7189201482018148
0.8093733440383923
-0.03526404310407105
-0.5179567030849019
0.2167067006738737
-1.0
0.052948180708766876
0.23811358123304566
-0.0653037812389301
0.6004022325268588
-0.9586051127538662
-0.09448901344797007
1.0
0.04925194819065253
-0.40597977094296844
0.3760720595868844
-0.18920627649529564
-0.38282395538634606
0.3087728425591497
1.0
-0.3833066822522315
-0.6794247702440437
0.5675771800486507
0.325468398403665
0.9776337586694975
0.8724197066023506
-0.006839920393007848
1.0
0.7057504057576599
0.7484201504194318
-1.0
0.808947935329431
-0.20038227869875808
0.0012437748283920247
-0.0403338127116567
0.5137524438586949
0.08845832929825209
0.4292814422218827
0.19821585007540482
-0.3021170435218821
0.708611366646124
-0.6256036040457367
-0.09452559959598084
-0.1345601709931902
0.5359370311738745
0.024342829071385855
-0.08070260912619834
0.23126595393535512
1.0
0.16628196592308303
-1.0
0.04282603214659686
-0.25683408626696713
0.9483319268123466
-0.4830081616209946
-0.47873158356568807
0.7618749405051327
0.20990210374821655
0.07588037987117739
0.13495553944224173
0.058282483206384565
1.0
0.8729057303212541
0.8713659132349368
0.4366789044996387
0.5313003812477931
-0.11000517314225386
0.3628204424178011
1.0
-0.44677826081224875
0.7980311846184931
-0.8424282339236514
0.2075735007495027
-0.7534507908590843
1.0
0.08688539370869358
0.456829528765016
-0.2603744934160429
-0.867456887113012
0.46028412983446626
0.14568815269031946
-0.45664604622084687
-0.028757986614449282
-1.0
0.45452484526427306
-0.269125906232504
1.0
0.35991060031967226
-0.43990811809077496
-0.10069207616862844
-0.431456580808492
-0.22773947775727799
0.4271905547235374
-0.6607996901414829
-0.27686674918376486
-0.759615235321263
-0.5428932517907943
0.05941099239723269
-0.1999431489714227
0.556721330009567
-0.027608902991885675
0.6726290816570495
0.3232185530118319
0.1052671288957881
0.8288903923641043
-0.3522368284852765
-0.6243896756584089
-0.34861018193812127
-0.011499502389110251
-0.14202954230202489
-0.8910110322219362
0.41411352026033016
-0.3526619453132144
-0.7629526536415013
0.4993082605293478
0.49624072417850296
-0.5300572456673318
-0.9518611737291333
-0.616003968467776
-0.5536631004098375
0.22977429983866177
-0.22655152995101493
0.1051838608986598
-0.7171918026991171
-0.9927416046622101
0.09464458134839292
-0.09905183925328857
-0.17512668845647816
0.36298371394585766
-1.0
-0.4225534133819282
-0.12026871763047212
0.2805001187974916
-0.3990157918232911
1.0
-0.26897555739824025
-1.0
-0.593082483991032
-0.7503230185377913
-0.06059104624568279
0.791740215598691
-0.09949184405724931
-0.6623612266234571
-0.34787853726036266
-1.0
-0.04174301940256184
-0.4170196039915959
0.12661026651166235
-0.22029439950485608
0.2625576467928774
-0.7283360384018273
0.40363764405870123
-0.14445635961143138
-0.5702898022788087
0.1706564165408909
-1.0
0.562241961080583
0.05779342072631372
0.041174305277095646
0.3794141474016375
-0.05186687382209032
-0.002939602961496701
0.5836294542014869
0.8902747591066392
-0.013496460917860303
-1.0
0.7688080889712678
-0.38637244870085025
0.6849383075732843
-1.0
-1.0
0.17532671892930562
-0.18074363156584072
0.7421384255846958
1.0
0.6982434198699297
-0.12547744221585652
0.4592528243515045
0.5187451354235475
1.0
0.7455111208031265
-0.7641899719883164
1.0
-0.6143451948548235
0.691668300646312
-0.7788666073525946
0.39807883539132655
0.07772401186698466
0.5860875996640218
1.0
0.4910657855925371
-0.5591431531737665
-1.0
-0.044222869543099494
0.8228652941665395
-1.0
-0.021033320468833105
0.5914398831276697
1.0
-1.0
-1.0
-0.6120651001722192
-0.14729472181489225
-0.22136592734682303
-0.2581916090825426
-0.8883813556121358
-0.7683624761568281
-0.6731456668422
0.0857357461033751
-0.571895072151625
1.0
0.1576707382424062
0.09019197016506197
0.20440528488947723
1.0
-0.06424834429765147
0.5084145388431759
0.044071216940668505
-0.5980197801083025
0.433047094383903
0.3350359056517663
-0.20312971084581827
0.8394395586018564
1.0
0.5108588802185006
0.17153684972348035
0.4127415930305566
0.65970578946557
0.050739311454895124
0.7238262561368453
