-0.8409140354766155
-1.0
0.9621211385851662
-1.0
0.39961449374603664
-1.0
-0.3316909087543493
-1.0
1.0
-1.0
0.2837576509799658
0.2778168788433822
-0.31905078852337176
-0.10551628993857712
0.2696625025870271
-0.219610630487247
1.0
0.021693312142251064
-0.39800819859534875
0.37345042486555724
0.06252346824454996
-1.0
-0.8983949652812693
-0.11050485071653865
0.4660767111260883
0.7205170754978432
0.8246240991174457
0.16277331663215353
-0.13932648523206637
-0.533708926343091
0.008376016168319483
0.7841434924956223
-0.306523800055315
-0.40134569777286894
0.25897354968966546
0.6116001430401662
0.5860814515234258
0.008903324246916314
-1.0
-0.993110442323783
0.25367550502550806
-0.4664008034498127
-0.2115840583664736
-0.3988993555567903
-0.2877015570816013
0.708110590610609
0.5968691113889696
-0.5176447639363343
0.1467508129994334
-0.4113274401130657
0.6739009969928882
0.7635961090230898
0.7056008247573812
0.5556206144204905
0.16326899654104005
-0.4814427953943474
0.2728659957416323
0.09399240021775734
-0.133432106514202
1.0
-0.3826676065270155
0.3397101020627184
-1.0
0.40073050657361625
-0.20538371922867008
1.0
0.10547546669908883
0.45883953037455344
-0.1256138262375529
0.15334054569373665
0.23152582646345826
-0.30374478729890786
0.5793975765474965
0.8096878636003347
0.2535099838427888
-1.0
0.1333789517857127
0.1235412024350469
-0.10927706243367911
-0.8102644485723365
0.1258786295362357
0.05622953704076311
0.467307249884569
-0.10288295752659168
-0.13750155048045137
0.48736127877775026
0.3845632536228666
0.22555995025619419
-0.3648844469618095
-1.0
-0.6111391799682777
0.16132290588060846
0.3510415997344121
0.005208415606528816
0.4933726975951561
0.4887237851827533
-0.24588798851369142
-0.4280028435165078
-0.014940307818344656
0.3603609114467
-0.3654562470489596
0.1575940722698922
-0.22319523658096826
0.6754092267640929
0.35629130655457886
0.1307379733498728
-0.1600527790375825
-0.29995560740916416
-0.6361413690076768
-1.0
0.8110058809264891
-0.5421221678102247
-0.2799270464866862
0.36149002186797474
0.7497773432684819
1.0
0.6066800293074244
-0.12953054358799043
-0.14444541513234782
0.16502833097982483
0.9057311982753038
1.0
0.8300010565482362
0.16152084721844948
-0.9802174076698082
-0.7808605212660271
-0.870579044122781
0.245820614740293
-0.6092285907939685
0.6717074450143709
-0.5551673422686476
0.3693744363893453
0.11611054977978656
0.29789958511874254
1.0
0.3163849231303787
-0.267550848294499
-0.23486631925799717
0.5114502566488728
-0.022950556399182018
-0.009559771069921931
0.04956116603590617
-0.5899460194298105
-0.06442137642897344
-0.3464873607076205
0.16833070277388718
0.45465807958941806
0.28270834282835366
-0.13393295893591242
-1.0
0.80412187202344
0.33796563765353155
-0.4472124645999377
-0.06459724422329743
-0.2066489188163391
-0.3559145858672921
-0.49487500059819706
0.3307278440791015
-0.5912883239027219
-0.484462467871173
0.18198238792742505
0.38378332844373736
-0.15354736427467303
0.02225885365517133
-1.0
-0.8177597195039082
0.4780823740157271
0.22088332749037792
0.6648631509427801
-0.4991207041398423
-0.469051156810939
0.13074038321756884
0.08013316729653111
-0.9701682808543322
0.603762536192549
0.5760376507644117
-0.853537661475076
-1.0
-0.3135425559202733
1.0
-0.30003626284635304
0.14289866899321568
1.0
-0.26843390682337626
0.1369776864013612
-1.0
0.5552952672684481
0.679418060850091
-0.32977078310345503
0.6621033636379069
-0.49626674831417583
-1.0
0.13965923199658795
-0.375458823271862
-0.43603388588990094
0.584154539431805
-0.6515645145023005
0.9039890145456675
1.0
-0.8660838346887748
-0.8532878776432145
-0.9512120179876032
-1.0
-0.02721135052351477
1.0
-0.27588481478832805
0.551397728716547
1.0
-0.041823859861698065
0.730599662366333
-0.17942586710184605
0.878030792182295
0.06107912723094643
1.0
-0.7806027238211921
0.7663263722333409
-0.3587518971056299
-0.7512557941408124
-0.08344676371748125
-0.754836664219535
-0.762876659770211
-0.7344571711413416
0.08695249129154553
0.7486127007993238
0.22291978626644757
-0.313034433636252
0.6270715606751336
0.38618869909043996
0.7280947798422454
-0.31975290154381186
-0.36583063571537544
0.4901989962399175
-0.31368208274693454
0.26652039317863335
0.8488736102439188
0.34757871110113964
-0.03415059729971069
0.4177137451619258
0.3313689506714054
-0.03387573284442638
0.0817200340787667
1.0
-1.0
0.9022143673393248
-0.6696375868262232
-0.8198918579519276
1.0
-0.14730379097812762
0.5227381625574588
-0.014970984274477739
0.6983954162025182
0.3356515019333679
0.375532006357779
0.18201260228278282
-1.0
0.9657803468857161
-0.2503656026645322
0.8441760304030965
1.0
0.6751574093191591
-1.0
-1.0
-0.4105921344615495
-0.20221588398509177
0.40316456082526647
