0.5958091106674972
0.1944774273341393
0.9225346276102542
-0.43174733093334855
0.5049079160737544
0.21961570782106077
0.21197943686168466
-0.9036575789819652
1.0
-0.45093487180606856
-0.6689235520503757
0.5404816322832935
-0.5838015378906835
-0.3853435205045405
1.0
0.007533925972333322
-0.6253029319427013
-1.0
-0.23806623975894756
-0.5217788164627138
0.40476775531070097
0.1756003565093136
-0.6041712868821587
-0.4634411736069571
-0.6520705143648102
-0.04612451428293676
-0.0356289509085837
-0.14922814410204982
-0.7136490430827471
1.0
-0.2830015777700362
0.42864829847939634
0.10453632307155525
0.5072347031583196
-0.4566963902050357
-0.13805308738491445
0.874010483935866
-0.5109474493529095
0.8805425392438224
0.28742473682750946
0.12318930061528499
-1.0
0.5719375044547503
0.332875169355215
1.0
-0.18928081359444068
-1.0
-0.03620245808970754
0.1523497974473424
-0.5503542205277048
0.0007515731863829908
-0.09021667074392298
-0.24958370319910828
0.16157759268268862
-0.7223481357536159
-0.8393697726951296
0.8120586496349119
-0.5817914659748723
-0.02077104534538826
-0.46435154425404274
0.7036305044968753
0.33180340303067646
0.7040404875888662
1.0
-0.18686873921426467
-0.7690622006856035
-1.0
1.0
0.007944865125751495
0.9504386405192038
0.7057581955121499
-0.2545447905350835
-1.0
1.0
-0.33749305175948785
0.8627425343898136
-0.2195385420826854
-0.18987892155799493
0.7452068713595263
-0.5469026016969942
-0.12766585496995964
0.10091579548069277
0.6294848667569515
0.5180870271184465
-0.0023122290427463055
0.20706451326001135
0.0993587775704311
-0.058669697870273846
-0.8210936609503761
-0.6904028565197964
-0.4220487110512034
-0.8300194006360794
-0.16971337360163868
0.44973299759323326
0.4238429869702925
-0.029036513250144502
-0.4262449566655234
-0.3575854306125084
1.0
0.6688365406534987
0.5641010585450108
1.0
0.45805186143767196
0.8540399747720778
0.23620474702262265
-0.18539954091027433
-0.08664455279879313
0.07483787171718226
0.39436569337987487
0.33281750434904284
-0.8160753950868914
0.21777819547712324
-0.3870350056470407
-0.26505865867777517
-1.0
-1.0
1.0
-0.023611375557835157
-0.04088137091774774
-0.8763749707729662
0.13928105219717368
0.1676115060845219
1.0
0.3636818420218254
1.0
0.4490612966460159
0.2982912582829756
0.42355452180431546
-0.3298371774886514
0.40285956796338895
-0.1984300546054004
0.016681220198122515
0.22280790559955466
0.21049882251498883
-0.17005215571120735
1.0
0.7437291083112763
-1.0
-0.11136803370078768
-0.3147772578491106
0.4973974257277513
0.8186287526401788
0.5188391309082351
-0.23463476441694242
0.004726945780118785
0.38814953638745997
-0.15867864095032091
1.0
-1.0
-1.0
0.548871309293246
-0.1751187778310197
-0.046081901055390895
0.18032133624126037
0.5856178491030148
-0.6258901576553553
-0.03896585825758775
0.34410719977438353
0.8516064076156056
0.3133079550864262
-0.2171234078398767
-1.0
-0.5343438889067604
0.4122757984463439
-0.3000008346915323
-0.19738154509250266
-0.18709650123882515
-1.0
0.6314619567177715
-0.011461207050426582
0.1442722624168809
0.7150459366921595
0.20492643437498037
0.6431165638170522
-0.816667255692001
0.03814604255435372
0.01592382746629048
0.26935713117537236
1.0
-0.11031296545876938
0.7903362202975173
-0.7854040221105112
-0.22362731228972416
-0.034198245879089234
0.5531979864749474
0.24073370791355245
-1.0
0.008040214739797935
-1.0
0.05452297012712892
-0.6234857419309336
0.22889758505518004
0.4074067858884791
0.2738997633082566
-0.9497715265429691
-1.0
-0.7511993047321532
0.03432510217145134
-0.6233257113959356
0.0014551920111367522
0.11266965814604601
0.38596494651305774
-0.10639914876162887
-1.0
1.0
0.06140990494987891
-1.0
0.9140834913575983
1.0
-0.9212066888669143
0.7158026024478525
1.0
0.2639021252049529
0.3915109595930235
1.0
-0.2143394457218949
1.0
0.22635226905277284
0.028683649169469604
-1.0
0.7172663793769793
-1.0
0.5367798963594976
-1.0
1.0
-0.6438353209770442
1.0
-0.9795399820258639
-0.15794063997869728
0.06232107223592076
-0.2678035101388742
1.0
-1.0
1.0
0.2864532099301845
1.0
-0.4645184742359113
0.9539205364364327
-0.40407616853749556
-0.21614644202550562
1.0
0.3142999447224979
0.42309407825968426
0.22374231839982836
0.22315481911717247
-0.403604694578962
1.0
0.9212147829306903
0.32361023325571264
-0.8239668786763992
-1.0
0.4062287898454836
0.2640052572674742
-0.21412394284750835
0.8357733484458217
-1.0
-0.8646362510308219
0.9171177998889405
1.0
-0.8110171723055583
1.0
-1.0
0.5047518092317886
0.0482277944952789
-1.0
