0.8152547034155266
-0.535604802804161
-0.47703525274209857
-0.510231386296359
-0.6569642932639735
-0.2950225868500524
-0.10802501035143774
-0.9077485902891037
-0.5988070380051135
-0.8661716259679202
-0.5421312802030349
0.3020534376262389
0.2051541941612406
-0.6141298712986518
-1.0
0.41629892541324337
0.4585616540735964
0.23460477111759187
-0.15142685933543354
1.0
0.43786146484052874
-0.6894822906417319
0.26653194211684217
-0.03490821459597887
-0.5203558251599013
-0.9007628618198852
-0.0490069799693351
-0.5236283028128604
0.40052241606915273
0.2829688512595302
1.0
-0.3028662479924216
-0.7430794968213276
0.8534396404563941
-0.47451157679114647
0.40587284866397916
0.4747727355344127
0.21815368698874932
-0.42836547312617185
-0.49294031907770064
0.43616308620890354
0.250782766761697
-1.0
0.23184442272482417
0.3030152358920701
0.3734954162755068
-0.5084979281547006
-0.11646582299277936
0.5332819707794669
-0.43038341032111793
-1.0
-0.4281300117569156
-1.0
0.5549565908908654
0.3519625775920975
0.5299039222273052
1.0
-0.2659876609223763
-0.3431384251020387
-0.49524635172111114
-0.7362651546751512
-0.050043718171022954
-0.3319559550988322
-0.32969978584855897
-1.0
0.4120206614099288
-0.2825180462799618
-0.12017191444642478
-1.0
0.4069137762851215
-0.43511293795337364
0.7438418235195983
-0.5530187341695586
0.19333305086954763
-0.669887392171574
0.7666894987773633
-0.6191682428317005
0.4694599463016493
0.20338806515656588
-0.6706514222809996
0.1312737162376877
-0.3244805639144658
-0.38934371188499
0.4865425632678165
1.0
-1.0
-1.0
-0.6004697123923537
0.4936066523774144
0.4376343973718231
-0.11953578295948811
-0.005023915075981988
-1.0
-0.1066733581825785
0.533720517200115
-0.32045594712146286
-0.01728850049084754
-0.705122553417237
-0.46023943288493296
0.27608587243285243
-0.3081048391680432
0.1175365964986439
-0.6632152632877393
-0.5049043495311824
1.0
0.3115031479779921
-0.06063861331317513
-0.11507263339584806
0.8807651009950744
-0.2855993720675774
-0.6721231580358461
0.9632698331287429
0.11059034064987663
-0.6414922116606886
1.0
0.40286517792193327
-0.5292734738665812
0.9161086246280633
-0.14473163633977765
-0.2549509496033193
-0.3648770960792754
0.11064912612752553
-0.004948564505438768
0.5908288723237444
0.05613107210163287
0.9559355168595798
-0.9207605420705861
0.4419952815618363
0.764760454473934
1.0
-0.6421155682568519
-1.0
-0.5012843128303113
-1.0
-0.18646367882604675
0.4968781374095397
-0.06123763927432922
-0.3389901793093664
-0.006781269759432884
-0.021186548797442972
0.7758407998530624
-0.6103075988456168
-0.19774791430244662
-0.607474711365147
1.0
-0.31628339837344477
-0.32532837125323255
0.8414432267287002
0.09489586663603479
0.6006170303401684
-0.04413037186382074
-0.5806396641419795
1.0
0.2793788886054641
1.0
0.1939154995489772
-1.0
-0.44859046920741735
0.5914898911451165
-0.5710060469442481
-0.7718416078129928
-0.0069468719694881775
0.1140402418437457
0.14525422488203696
0.5115179243568494
0.2489512299910379
-0.09854483529083702
0.08873189241438624
-0.810982000514898
-1.0
0.06246507129186399
0.20180187813855333
0.5484765823261306
-0.3414851825425025
-0.15540494317530393
-0.22288450920802913
1.0
0.1381179115007116
-1.0
-0.1603529724068561
0.4849079466963786
0.09573866879022119
-0.7957276138053029
-0.48915133506132247
-0.7314825263055608
0.06004335069189885
-0.8415207659022366
-0.4922659701556806
0.6354924657522114
0.6736141660685492
1.0
0.32420582882015375
-0.26768136412104976
0.28733219402504495
0.015386127049972831
0.18581867084976358
-0.7688077786260743
-0.502078986275273
-0.6820875361668884
-0.9619072454374725
-0.18914454635091227
0.29565488807583146
-0.23696172160542428
0.08943113836961603
-0.2256337460309802
0.423636439620961
-0.27986348128808225
0.05719590261264339
0.09641029688592134
-0.9729997770867488
1.0
0.01609859016259918
0.1415334232037906
1.0
-0.12277983233958424
0.010680814171928232
0.1322407168585952
0.5225646765972469
1.0
0.17007751374795113
0.8374771714393211
0.6203712233934255
-0.0759694817167431
0.5343261506423448
-1.0
0.11165112964071362
0.4556707188839381
0.08354671619898624
-0.25512462267831787
-0.19729278323734872
0.10458669828008044
-0.6711059285766132
-0.8379216919846628
-0.6403813933680401
0.376834488652096
-0.4647252583497651
0.37899532506804
-0.8918427575526964
0.7625455114162429
0.011720768958645489
-0.7462227676416245
0.11011757254064322
-0.7009628506341343
0.29750812947182603
-0.46003156862562045
0.33294885220789266
-0.5270593409810215
1.0
1.0
0.7934358483175045
0.8245033175926045
0.2842432091948104
-1.0
-0.6174172114498466
-0.1316374784903992
0.18253609264501164
-0.28209095791393723
-0.4650959533729614
-0.10319671553070076
0.7780708043763394
1.0
-1.0
1.0
-0.35682087401209506
0.8547423925323365
