-0.16355164767514857
-0.9021123398016507
-1.0
-0.3651584814222814
0.734007656098274
-0.8867658575423686
0.5948244568901042
0.6904367939050291
-1.0
-0.788822553929778
0.4113512825883844
-0.19249652507796772
-0.45271636625206774
-0.2737124732237296
-0.26864799871283407
0.3388611133617053
-0.0635151331803531
-0.26839777593944175
-0.8705099397765446
0.3567533041937588
0.01224809848047137
0.628663994757162
0.1292976531982482
0.4924406833797102
-0.6210332254450138
-0.1959391483718759
-0.23359532513616632
-0.5587668678884851
-0.1259657463370499
-0.8284501925276276
0.6739616863506406
0.3146566856581649
-0.7045772000956321
0.14933081940359344
0.8806677039823525
-0.04091663721771845
-0.024151117248914503
0.526457218807511
-0.11089412002384992
-1.0
-0.25008553289831603
0.044515042754175525
-0.8214289820138289
0.2579688219146765
0.003571240210268237
-0.4239893947909253
0.5297746556989095
-0.26651738954844034
-0.19888211511063314
-0.3579952743386534
0.20390012870605548
-0.31588525842723764
0.39145463357926397
0.36870839794750654
0.3613411690244658
0.5861890234793823
0.07722609961874087
0.9492203253500298
-0.7926746011173609
0.7829646365668741
-0.09366152035094129
-0.7994570267741281
0.13625287382847126
-1.0
-0.5097380236707619
-0.6220787261448119
0.13362931843529718
0.41442769586400413
-0.6124152764570323
-0.6781288200670726
0.6084792025993897
0.5277081578707481
-1.0
-0.22622984497643805
0.09469640926664773
0.4340710011853787
0.1547635551007754
-0.9689967680137199
-0.4182692295344716
0.46851556702851155
0.3782806362371497
-0.1411074805436008
-0.29281990068472163
0.1999274687732353
-0.1443532638725521
0.04343471043124061
-0.10162241637341571
0.2545414908886049
-0.11269712561324174
-0.8689292380426193
-0.545320749190011
-0.2321591024775129
0.815727208192394
0.5591867522563299
0.2136254585117454
-0.18455238829971474
-0.11895510660943732
0.12433739096960356
-0.3073502643832606
-0.1567501757492393
0.14025330554362625
-0.9204649520823056
0.18634721631570578
0.0033053102338085547
0.4690595792260026
-0.14302756065938488
0.13906253286854142
0.4804571604020554
0.1846974237936647
-0.4235490517570344
-0.13205751615380187
0.24607582447182164
-0.6766752110688263
0.707070273073481
-0.06602266844482257
-0.14102805714123376
0.1264987922285198
-0.2633857568286577
-0.3423735862597885
0.07010725775172684
-0.1333212171184168
0.5992688477806538
0.13681543590340728
-0.2713789813090971
-0.13871970724856655
-0.5001373919590004
0.041086375975719916
-0.7286383155332403
-0.4827591712619796
-0.6278426753380506
-0.3065637056706198
-0.5146575346173536
-0.1446580119518665
-0.8133238895486303
-0.22532647140544682
0.5655321178126961
0.5241308262369837
0.4295157081405681
-1.0
-0.15629532101271976
0.6881148782478607
-0.31867738954660324
0.2729921676231279
-0.19251179152304357
0.7244367889699994
-0.0685366826328218
-0.876679877690614
0.3759219375715552
0.30333995884362147
-0.12750149151818652
-0.5528535003465711
0.5892003977364857
0.7745631680334851
0.6957699507711479
-0.29286208689654597
0.04333547235446432
-0.016182574523078568
0.0477638055550569
0.21685421013879563
0.6544465352307125
0.28715749490180387
0.8189171156741548
0.6347257240722655
0.3199322753922596
-0.2935882894643611
0.2738100436043728
-0.2772305676123129
0.29084075985463514
0.005514449278342952
0.053122519977747
0.4836254383168101
-0.12677735672134133
-0.08994240804186245
0.3331410247587265
0.6745261991578878
-0.11469848256533662
-0.27315528574202813
-0.8213708217928033
-0.9734571127142525
0.30458266508855425
-0.1659749323227925
0.3332416333571774
-0.7545600974817996
0.10906174769934229
0.9081769269857729
-0.5751172233971427
-0.34508364555777393
1.0
-0.7335880433776739
0.2730221691835018
0.29217065703181927
-0.05894940756808773
0.15537716890624498
0.5129072871544453
0.02864393584973929
-0.5794499517286447
-0.0047801252131875775
-0.030390888067743933
-0.2954703221110628
0.8766886332760468
-0.12621502347278205
1.0
0.598881292187573
-1.0
-0.5773681894740189
0.4193355939168414
-0.30497409916591073
-0.4624663188985513
-0.44583959358619185
0.11561295438869441
0.5918318007599892
0.2714407468274138
0.7038942136091512
1.0
-1.0
-0.27515684912178756
-0.08809769850366035
0.1509937148083985
-0.13327231021810695
0.26390767213383237
-0.3335132309185601
0.05869536920962662
0.7304328601785598
-0.7133247811167381
-0.05796455623773739
0.08493601234168464
-0.15785187085047206
0.7247238262130881
-0.0026038397090275014
-0.4221057372116943
0.39049877071837114
0.14804888063431237
-0.15139923932365995
0.09544786342340016
-0.9435122466338552
-0.5409597923151872
-0.2760292399227301
-0.04866565458377256
0.15205578863487398
-0.9784900833874245
0.45535367708132884
0.8245567602662052
-0.7413955942062207
0.7292553028312917
-0.05556522093703323
-0.3119577290306619
0.15546260789814753
-1.0
0.15560213429574132
-0.0931266174541178
-0.4905469748367725
0.5222110314395217
-0.6035122863262127
-0.40005352905536445
-0.5373088951412617
0.6480466851263544
0.34139914948430045
-0.5160215646881573
0.908609059575422
0.8174090089299131
0.15509684116014785
0.046679324768109154
-0.9852308309281613
-0.3977973988913399
0.2954628249179492
