0.9008143134875863
1.0
-1.0
-1.0
0.20406105963380716
-1.0
1.0
-0.5023202039532704
-0.2449968738296804
1.0
0.47464457243913716
0.32333794966350266
0.0006053924190925702
-0.8276593924074245
-0.9727507203248182
0.14686513619004127
-0.007493453826164116
0.19179259579029503
0.7416526232926172
0.41150317116754925
0.31469531884100144
0.2445108620937482
0.381818085295906
-0.2815006427911275
0.14892913921879725
-0.0061592562447794945
-0.02747661997227287
-0.6599532546710644
-1.0
0.2520633599475041
0.7177354830407948
0.11062421667096885
-0.6024464889351256
-0.3403716324665361
-0.1297825959650421
-0.3884201611641952
0.006574520491881232
-0.10974090429576792
0.10857633963253106
0.3870576178347554
-0.1790804260025603
-0.8066488771447387
0.5679747061760313
-0.31256424606139765
0.1989271804714957
-0.03501530131468692
0.3731949253549425
-0.022665309620402616
-0.15566806890573714
0.07690779753641583
-1.0
0.40814151696883166
0.5465335410295911
0.2780769497656729
0.7506811635328797
-0.13158530138416474
-0.5095866645517645
0.22080363766616598
-0.17469902765344447
-0.14470509492729858
0.46430993090927897
0.6787263116465583
-0.3706757607229022
0.2891269693019615
-0.3231145375531164
0.17404993772794924
0.6314811371601786
0.20376209599137496
-0.22582173266276417
0.3260721941503931
0.6809009097060483
0.08730431300873503
-0.10621884940233071
-0.5240258965842786
-0.3489614007456883
0.13657491790876752
-0.37808693918228153
0.13518953348790416
-0.018190127024488065
-0.19858857221207912
0.5999747282689861
-0.23276465849061623
0.4419294088389272
0.18233188103219317
-0.9771082655835206
1.0
0.3827664591718743
-0.8247524170692354
0.6262817788620497
0.5950824205344144
-0.5091581599003124
-0.28038210576360384
-0.05565475511345869
0.08936077476779902
1.0
-0.6768835400333917
-0.7708124053357179
0.05256405195966873
-0.43240377927303825
0.18098773237402044
0.04021094178612114
0.42152009446026995
0.3188929543548506
0.9294824096950036
-0.10521160904151426
0.1499131356655102
-0.0034301004430533216
0.006955149077605331
-0.012614989136965748
-0.41482424366504417
-0.33154929630727076
0.2827592053873777
-0.17601668903712353
0.8127312641216008
0.5663154186100704
-0.6342330905898806
0.5653277345221409
0.0805983562395729
0.36292797528467907
0.4062225542022419
-0.33024582532745356
-0.18485845919271904
0.5596490042018564
1.0
0.5681078601171072
0.7538699302599924
0.5173420404306439
0.7011114313547462
0.14818314387989664
0.40599280861192166
-0.10305632971691116
-0.5542563787946401
-0.13304077686560584
0.18748189592633482
0.9115940948900176
0.758038214195563
-0.1194646767653049
-0.13783945284664378
-0.3978408798678928
-0.32605280802746356
-0.6009063278891288
-0.38309812499314705
-0.5654937432196819
0.7954764710568072
-0.4089204439223606
-0.07077060656361173
-0.38109278127033125
0.04779606238391106
-0.7007087926981943
-0.2057367402232518
-0.15654403103717238
0.11248792804394277
-0.015154170892328967
0.09681987948417817
-1.0
0.12739900324303216
-0.5331899095780742
0.48664059188573183
-0.1464084455039968
0.7364637643777013
0.021709789600114864
-0.341619804623707
-0.6728787853431341
1.0
0.0877120728562366
-0.2583868099692114
-0.6284074799125825
-0.025336074112430773
0.38586002352106824
0.38425802601457515
-0.18872367872568108
1.0
-0.3372231721633507
0.035690872695902716
0.400355040347737
-0.40663733323930784
-0.2855725043399864
-0.38398329529342146
-0.0736473987904864
0.22781629608699913
-0.2742524880603444
0.7980792044551127
0.08364861614285264
-0.6858815330622499
-0.6332630068661433
0.12938375193156817
0.2501405878223256
0.20214303460243999
-0.13199614801364376
-0.8998371801004171
-0.3900622872739194
-0.4294764671679288
0.022927086648636363
0.550639126489421
0.24626906242054217
0.44092421545808413
0.12181353464171378
0.2667419408393159
-0.15424690615233358
0.42540181351239287
0.43801697687918506
0.5462997534049732
-0.09039605574964225
-0.6168837792915038
-0.529564021067535
-0.03732139372153744
0.12497658753937468
0.19015615281954584
-0.7467263480202059
-0.3885378435400085
-0.11984435080668387
0.1735101286064679
1.0
-1.0
-0.1380241039585056
0.2915569053026126
0.11024391789877461
0.48783899982575
0.24603361495674225
0.6148563626616513
0.00975208954536881
0.045566146138033045
0.10742106868086782
0.6105873853550894
0.1817524837449745
-0.07950665282868263
-0.29757825972101437
0.2066121032137803
-0.7883805185339404
0.0428539742331341
-0.8376123491959245
-0.9035861911980366
0.07557709875712831
0.8662137149242012
0.48762175682275183
0.059412244987067604
-0.13295060852653184
0.4536595766560552
-0.2685507630601337
0.027249288242995103
0.17955188613077713
-0.25990962584145116
-0.43854344878592744
0.005405114538622617
0.32442611215706213
0.022298272548689095
0.14329342500304015
0.49014397069009846
-0.15130887362615342
0.08540222986966411
-0.11546465417801033
0.4202615101724707
0.6096122378333985
0.7508713575326668
0.9676907084829313
0.14708226343972786
-0.513488652285131
-0.8575274281860042
0.42112847558675104
0.6962373644074765
-0.49127535046664295
-0.5113766089264534
0.07544768271142199
0.012655267062883495
0.4592030728743363
