-0.13123116297094295
-0.6047568499938014
-0.1438291421581005
-0.7206161994935371
1.0
0.2947842420798922
0.6126586385965774
1.0
0.015669843250004912
-0.29832537854309366
-0.1933192951142353
-0.4630828892989158
0.31576383590898827
1.0
-0.6504530619132157
-0.14017403367193704
-1.0
-0.42440503177518996
1.0
-0.8376660802687647
-0.6181494234419849
0.5679211053941714
-0.0036460744681306146
-0.6317966668577804
-0.5164526195718957
-0.3892652478613945
-0.3343136800986979
0.8167225921325029
-1.0
-0.122266245703437
0.20533156320842147
-0.2110325671577188
0.4709052528191245
0.15553974664817438
0.5600086519887663
1.0
0.02972098639794553
-0.2157349180974639
0.4006840007536944
0.6786507509140558
0.4540790669493149
0.5825794658091397
-0.42818591640605513
0.4965104680939559
-0.10062664293476652
-1.0
-0.8293495315201884
-0.8395144535332156
0.14210360419254175
-0.8123452537559622
-0.01634210767061394
-0.4847948707037941
-0.5205649509115621
0.12388160012765884
0.19649647895004124
-0.1146581510631991
-0.4465434552208123
-0.3207805388884028
0.32226698470728776
0.278515182483291
-0.034233915072932296
0.03314192274826078
0.5359302298267717
0.07509229453158556
-0.28382168619701525
-0.14483657442637138
-0.6504333075175347
0.7167477898995609
0.7963926519972172
-0.660704056219372
-0.3853883150932059
0.36980529330168654
-0.582250273468018
-0.9153101841842456
-0.20266151962725698
1.0
-0.5014297737030334
0.13463345411571107
-0.4816697737473351
1.0
-0.3073030300869534
0.17500530022243418
-0.04446841016350572
0.8119319852836034
-0.28982121257158644
-0.29390697060934545
0.6483148628774755
0.922574074936418
0.07148465841491873
0.7177612282147044
0.7278460604851618
-0.6239094256253995
-0.3332142854317809
1.0
-0.4217701359308524
0.989605984709439
-1.0
1.0
0.2592106556866297
0.2850413742024539
-0.24691350055767491
-0.3744664162434977
0.33589749458012574
0.37565945891074803
0.3893848139391883
0.22552928406906328
-0.46260774455234643
1.0
1.0
-0.014757234831100474
0.8461291455264155
0.5789339351605778
0.8690824238684355
1.0
1.0
0.2686655794674455
0.8547112126822478
-0.29896242490210057
-0.4213369698183088
-0.15710101186024916
-1.0
-0.4350048415689388
-0.16423790388892856
0.5287153914484632
0.9528139196410257
0.12661563064431525
0.4779799579875236
-1.0
-0.21604626872790808
-0.6827307511532759
-1.0
0.14956437444508852
1.0
-0.5282556906733781
-0.16584774498237195
-0.17988057546196098
-0.47502957528786866
0.48314878649028514
0.38714796165696486
0.5582043618680754
-0.785845305663045
0.4251886135824129
-0.692619473111836
0.8172567402019499
-0.6239017755417873
0.7090666599253811
-1.0
-0.711083113872188
0.7141572659113576
-0.49289579941106715
0.7960580524680072
-0.33762539485525883
0.0373683656435686
-0.42819081099060097
0.7597793265823573
0.4662366175432976
0.018515072362076224
-0.470622447563284
-0.04804865496158572
0.2829098069836182
-0.31948707133624615
-0.30906181902521623
-0.18193331942482754
-0.0011461331861330887
0.44056762113475756
0.8482318774374165
0.24051260334323354
0.642142037564325
0.4711127598235337
1.0
-0.5115381495178694
-0.6412265464070792
-0.15980115597315628
-0.12115907979295854
0.303464154916189
-0.5065819073062792
1.0
1.0
0.3419704276034944
1.0
0.35946825231491464
-0.8326193633399191
-0.061376604771269556
0.1967835854517127
0.6089585275822998
-0.6611248947265527
-0.6357400031368348
1.0
-0.06892663452895573
0.35996717073932466
-1.0
0.9988127110659148
0.36591045426612934
-0.7712138737137161
-0.25086481369986724
-0.2193855136758244
-0.4028616163267204
-0.3412827521456644
0.3642409818764696
-0.769930599395533
1.0
0.11089700167318076
1.0
0.8744946523089876
1.0
0.9835090014054035
0.5145175972328948
0.019991993881223993
-1.0
-0.8434597496181743
-0.4310778436186634
-0.9650068449237021
-0.37951867598237216
0.05883816311432179
-1.0
-0.8383214633947658
-0.42097445992482385
-0.1939369750617347
0.009094973023209801
0.902919745109184
-0.17057906459933356
0.19731638680650562
1.0
-0.4011281921657692
0.6547476710822331
0.5817932745004912
0.04779129772079716
-0.5485327126672971
0.25211667892202316
1.0
0.2509454452837109
0.1747917291213733
-0.057244736799220486
1.0
-1.0
-0.3198731717460697
0.02600303252904662
-0.3570007104450224
0.5888364377993436
0.7187209282199456
-0.6400662252116501
0.7310071530596987
-0.21665740684543414
-1.0
0.46439230326059133
-0.39590337928758373
0.23587358102714867
-0.36452565859089797
0.8281885695539689
-0.49688629354356284
-0.23129557118879318
0.1605160485048563
0.4684327558297264
-0.500569314649838
0.7982180253994147
0.5471006456087049
-0.45105646776959396
1.0
0.9356666633702342
-0.7707194279409264
-0.03737459492161832
-0.05876975567795924
0.4108814472826626
0.028373440876036216
-0.008795914255073804
