-1.0
-1.0
-0.06242988413004394
-1.0
1.0
0.4169854612810602
-0.63378646507474
0.2611139419643769
-0.9704294382100711
-1.0
0.9151850347456687
-0.20025011268151205
-0.4879227402213683
0.45273867035526005
-0.4343558634450345
-0.3910167844322367
-0.4070131228807703
0.33747466678543575
0.7146048365873072
-0.5001137651935974
-0.1891303747200838
-0.6133853343292899
0.3149883533458165
-0.5117745005590326
-0.1398911728393976
-0.1842553908848848
-0.5889964281311445
0.8073147555534922
0.6401084860367966
0.10105587670698986
-0.4756550835550445
-0.5472562915164997
-1.0
0.539147829827284
0.40085475195762466
-0.5821211702012112
1.0
-0.645189845541127
0.9289250990143567
-0.33891913905751486
-0.8368098345424537
-0.24734774982840907
-0.5174312536653811
-0.35737754385886444
-0.22975764619791228
0.36583622441308694
-0.46310931807619815
0.29592333737814236
0.7626966087185427
-0.8300034950605901
0.14177356216039683
-0.2702643517749663
-0.7027033213931275
-0.605640861838806
-0.3351000348088775
-0.44912220431780975
-0.823916598186528
-0.21584809416061584
0.07850499635249841
-1.0
-0.5661375637207945
1.0
0.516770328761495
0.7369801401203592
0.255086593897993
-0.5631682100879745
-0.750214832967792
0.44643311350897746
-0.15588508233212908
-1.0
0.03874023107388408
0.17340528857840665
0.35140038938287427
0.6833746082492819
-0.9196999040491791
1.0
-0.45210971577333664
-0.26020150763926164
0.21512120017943934
0.7001345092683908
-0.2721371776336556
1.0
0.24145020567961806
-0.3572206219827536
1.0
0.16806106426375442
0.056473790089101576
-0.5130114764601742
0.06439612813299089
-0.16153286396690011
-0.4215183601695844
-0.10901235247688856
-0.9816242333690244
-0.25541570185852824
0.3139566527664868
-0.20125995752265693
-1.0
-1.0
0.8126424741002434
0.6397998842919859
0.7985983884319805
0.7277080101540205
0.2226482554579473
1.0
-0.3313853183554486
0.5176690435489633
0.32342468716535
-0.785679386545471
-0.19337439906397647
0.43796952824399393
-0.27965986305417495
-0.4517303132389084
0.030419954988529754
0.24807596776134433
0.9007011488485679
-0.9216791182076665
0.5062044394502234
-0.2880543094130881
-0.5439029489042593
0.3043037577928831
0.8387412581055277
0.17006241133593844
-0.09880732611525483
1.0
-0.47165690334595767
-0.7354476992559624
-0.142977514952627
-1.0
0.1209961488633936
0.28704914928568837
-0.4389876454559468
-0.6645264953479928
-0.10351444500925883
0.9133799840528369
0.4679571871669084
-0.8067099193363729
0.5693106078938276
0.1791314528357731
0.0954858489444403
-1.0
0.578520039993837
0.3538575198489796
-0.13610620157393022
-0.8442730037732367
-0.4753204089230372
-0.0005249437998254836
0.6990459285372093
-1.0
-1.0
-0.3449234081247057
-1.0
-1.0
0.6035388644890272
-1.0
0.13003951344971112
0.3934907235243402
-0.15834226698565207
-0.3385027250567064
-0.4543031942305802
-0.3652616855840522
-0.12721333919367597
-0.9032451952981264
0.7471817204445241
0.8842561364157342
-0.6532007477485384
0.41121300667740596
-0.673399891950349
0.21872641094825765
0.8987938772102769
0.40564515512912885
0.47341304002732876
-0.15106448066855327
0.8020638641725106
-0.6235883454611502
0.6747958093758917
-0.910574162300936
-0.3631190311909094
0.5247482759279734
0.3384875300444187
0.32328981013242336
-1.0
0.04778394417088603
-0.19389142902216966
-0.7462743819493669
0.2796846097333536
0.3512153917293591
0.15842564192537928
0.601359312986597
-0.473341601851744
0.03070396827747346
0.7573262342111236
0.3964698320020287
0.5771720258609568
-0.2456528586834549
-1.0
1.0
-0.6931628395603375
0.5271878679494686
0.28634071743267947
-0.33770849598090263
-0.8664536644348634
0.17964079750166817
-0.6059181267062717
-0.30692612985770173
0.010389161699023569
-1.0
-0.6010867505554289
-0.294210191067564
-1.0
0.11425692048464502
-0.4737788304888279
-0.7831291698839971
0.9556655450943912
0.08860026762559209
1.0
0.008385602561385562
0.4109344828985563
-0.05844070157729293
-1.0
0.9026071887287259
-0.409620389764378
-0.5720622138343098
-0.7233118746844738
0.1005911131874968
-0.4234167900987694
-0.6511016594975234
-0.3249490867964235
0.23258797267178302
0.7413201846230957
-0.053261510620365236
-0.21849418288760084
0.03639072796956133
-0.48424892585895574
-0.8549362631795291
1.0
-0.9726069937221599
-0.6544194195330686
-1.0
0.8960130577516677
-0.17192114649057577
-0.8568723480247391
0.9738990121622706
0.27242783420146044
-0.040669769716556545
-0.8937921559307427
0.8756390297454715
-0.18272536298589737
0.04311161938009049
0.09268774995360746
1.0
0.6405957861185209
-1.0
-0.25064281326793136
0.7822814162117488
0.8046970866727962
-0.01790883151699757
0.3801020792720646
0.37094063596685367
-0.16281654526446543
0.06795555630645178
-0.2995538671308519
-0.11596353763078027
-0.7871314452782932
0.056106635003937255
0.7642653634445684
