0.48987355535611654
-0.7767299503344169
0.2915228466290784
0.5530439506628069
-0.19583012957827395
0.5295962672021258
0.3226322760632081
0.6852845488438348
-1.0
-0.11970242705223161
-0.8268475932394217
-0.9474892450041075
-0.8617850479005238
-1.0
0.29640167604407763
-0.30152417354019745
0.7974081654363991
0.2766410606259609
-0.12004319206540923
-0.498246377214213
-0.20207059343936018
-0.9823990749555214
-1.0
-0.05206133208978292
-0.012545395598778451
0.12387610825458605
-0.5167196711353115
0.06057645008847243
0.6830389919562652
0.22881486056017702
0.6355311875759995
0.5754128601994877
-0.3879639637245187
-0.9422648294247535
0.32503052594669196
0.08708161647483532
-0.8124597355201209
-0.7902302468846396
0.16313570335663896
-0.373856743956024
-0.4826039723905554
-0.14845534593476373
-0.7237636961277297
-0.9921852850156315
-0.960923327933884
-0.44536450495483776
1.0
-0.1447424732852228
0.08248032902989248
0.43046537150647757
-0.2523169531682489
0.3760014420014389
0.1684256017651532
1.0
-1.0
-0.6779858715241123
-0.7625900378993524
-0.2481429344176012
-1.0
-1.0
-0.2778254663372157
-0.08904026415552727
1.0
-0.9357068064717406
-0.5214609386822066
0.5045630324035602
0.8063471607997192
0.03934743245190986
-0.7467886315657541
-0.6338170663567396
-0.8144370769513746
-0.13219267441379162
0.1891141798798414
-0.7331642310992433
0.09609642831416321
0.7545572588333206
0.05547343828261259
0.005324058221392286
0.03679739413759955
-1.0
0.08492042844425537
-0.39609974042151125
-0.4980664823910244
1.0
-1.0
0.7014753288901323
0.3010997304142041
0.6107914594557595
0.530563689727503
0.011287631328271645
-0.7994308494465665
-0.00635050856472201
0.7471123787200583
0.10381924252200797
0.5624536394615084
0.3898581924509434
-0.4035010962938602
1.0
0.4002209420628549
0.5962751782465552
-0.9265027409375679
0.2941324944875997
-0.7248330382369308
-0.4630451365715069
-0.2253223131112922
0.7970030379965234
0.7541076679608811
-0.8532217560944962
0.306702857474768
-0.2599928367932896
-0.4065578678030548
-0.6135995813372347
-0.13923299880648424
-0.06470588505416643
-0.6242918174888747
-0.07198309373642031
0.0847929944938697
0.14579430804284493
-0.21123642535425835
-0.18981019965845955
0.6531084794782764
-0.9217026791975413
0.1674694745352604
0.6393576298287134
0.1641899949415066
0.6441716492681474
-0.7688211908766536
0.4801717033633627
0.6567901160718997
-0.08800240457434419
0.2791700322496674
-0.46343198762043925
-1.0
-0.8253210133781156
0.024835762580521836
-0.8658044273394988
-1.0
-0.22618882333255574
0.4654837748615393
-0.1939571020399655
0.671170807906411
-0.17196936031942317
-0.22691590226014918
-1.0
-0.6522253765710964
0.07723239051798592
-0.5253930530568023
-0.8454883004816083
0.8216298468007838
-0.31806202697590147
-1.0
0.22490913528091153
-1.0
0.38059256268270786
-0.3030527577327072
0.3332151199672424
-0.03796177128891263
0.41164735516574763
-0.7489416158751001
-0.7454426311497272
-0.717017236402047
0.20925712217359338
0.7326504548245685
-0.16771007780718244
0.577565936422131
0.06439410894880582
0.047427922908877984
-0.08813515855351804
0.7344353310863619
1.0
0.24024704477787592
0.11854387324715775
0.703964703047844
0.42500267771211553
-1.0
-0.7088919517145966
-0.027287064302237596
-0.4464276404401052
0.08377935373572049
-0.004298500939811381
1.0
-0.016621786141172046
0.36407095014836116
0.3694111008097871
0.7615852703103789
-0.19808262156068865
-0.06576069466586679
0.5090308041487568
0.15573993607169254
-1.0
1.0
-0.6179797660143467
1.0
0.3567848060680759
-0.00023373151849087614
0.7802135061596707
-0.05056327394644977
-0.7566337353141257
-0.135928324126405
-0.07897929279179644
0.6545541026178476
-0.9297669331233545
-1.0
-0.15874956052039096
0.7148718148283412
-0.913925417748746
0.22451596529387421
-0.3978552957347311
-0.33759288990586994
-0.5435639659881297
-0.478737681343148
1.0
1.0
1.0
-1.0
-0.0014216992998085931
0.2128943020236171
-0.4728316673201962
-0.9611675202598886
-0.7662846468697938
-0.13594885522538375
1.0
0.8397413881458334
-0.16105879656694075
1.0
0.9765651022127189
1.0
0.2787709117749012
0.09582213437007478
-0.6329477893960123
0.2050306914617498
0.3295174284008443
-0.564081682415286
-0.14627981763177297
-0.3543969531519232
0.3640454319097404
0.49470636786315486
0.43618040286700166
-0.06548890733216821
-0.7668406145246958
0.022238017272140143
0.15153457199655648
-0.12699813506509586
-0.14586699142516454
1.0
1.0
-0.01968906515941779
1.0
1.0
-0.31960523188310186
-1.0
-0.9997019663462002
0.042546473414585666
-0.004673990469207301
1.0
-0.006155742804349246
-0.05796794666665247
-0.5616159458555793
1.0
-0.8676675747593077
-0.4327591389176797
-0.3875604359528292
-0.04577594695094206
1.0
-1.0
