-0.32928940270538115
-0.867165640585589
0.22969066751919587
-0.6659963024395417
-1.0
-1.0
0.29886872684679655
-0.3409182044349732
1.0
-0.4726913012551331
0.3259272878761188
-1.0
1.0
-0.6394566345173619
-0.6928262143020945
0.36013812380335636
-0.4623599620801676
-0.1474042364725387
-0.36477784849817774
-0.18556643818355867
0.5218375470302302
-0.13513999499237117
-0.6281565272645377
0.36416634041830853
0.7338119135992471
-1.0
0.19038662214645766
0.16452613685841977
0.8168905150905041
-0.11148654561511305
-0.24034351679935748
0.229119389726632
1.0
-0.5468754820783646
-1.0
-0.32176926899297603
-0.650818651637906
-0.33545818592357307
0.32722948906562416
-0.14803611979250736
0.5064196917079695
1.0
-0.18957101872281906
-0.5414549551865272
-1.0
1.0
-1.0
1.0
-0.2477411303903917
0.4448039935413873
-1.0
-0.9167773696169423
-0.3219577892948541
-0.39124079277445617
0.24567246941434473
0.20936919644376437
-0.737136014531276
-0.8541898839982704
-0.18218016139191318
-0.20279272315487645
-0.6824224944208642
1.0
0.33390996853235233
-0.4713037187499624
0.49694705188896854
-1.0
0.05358701416196551
0.13078916783506728
0.6439916886711775
-0.04210491000534386
1.0
-1.0
1.0
0.2186242128181039
0.01356983916679684
0.25066980147718554
-0.19469757437784985
-0.15730775026650573
-0.44859155390147737
0.4194247081816821
0.7397162537824455
-1.0
-1.0
0.12631315184243144
-0.3633396305581503
0.3528424339983628
0.7144688791052018
-0.6001568416120908
-0.9880123308833246
-0.0156502610949594
0.05129249810108844
-0.4280840264465395
-0.09677548932119968
1.0
-0.7277242399793407
1.0
-0.04271995624084131
0.021771741672938313
-0.16729310733962952
0.06373947490889835
-0.7982786556166372
-0.9167465552965037
1.0
-0.7243293872302536
0.4579509090157656
0.4551090711228795
0.9401027646678946
-0.7681891590829983
0.3168406760576952
0.10904213613462409
-0.5486969279454137
0.9916082113443898
-0.03615794378297496
0.4527400801417926
-0.38600453514035193
-0.2576466618757763
0.252868561031246
0.5388227674607906
1.0
-0.27313831062122645
0.7532597801870552
-0.062768320298279
-0.9148866254176475
-0.24037847338747997
-0.37447835711286154
0.7274240164193793
-0.20148660750003414
0.0991497129989749
-1.0
1.0
0.6617480359188692
0.07263825277627456
-0.12302042760422183
0.3353076031671659
0.328970532719903
0.18201422280748497
0.8176104753826996
0.3475013406250083
-0.3474289788082873
0.6626242223997463
1.0
0.03337158370484075
0.6716833938353852
-0.5080397876492948
0.3861955194636616
0.1368843803977654
0.5977296791828235
0.6262507200332113
0.6851931334267692
0.4077792342864307
0.24313687858917513
0.3723448608396141
-0.4963510508534369
1.0
1.0
-0.10805681955774676
-1.0
-0.12479464648074357
-0.5134258723295066
0.4206288259480946
0.6023807290991193
-1.0
-0.7304760004324331
0.1705162940996817
-0.9836475354506815
-0.007096448650479287
0.25773212604132945
-0.052694846569846854
1.0
1.0
-0.4345069970387732
-0.37366809719391136
0.8853403980687351
0.08499382738009464
0.39852993223542416
-0.46949073071352787
-0.08674556797226518
-0.6282461231993934
-0.8196137644492354
0.22096738596243184
1.0
0.06774175480639215
0.5321404447355393
-0.2294737768891793
-0.07757486209486449
-0.946605408297719
-0.808465490685844
-1.0
-0.32463965521495686
-1.0
-0.6966086110834669
-0.3148612132873525
-1.0
-0.2762730547844453
-0.5095286814694071
0.9076608047763683
0.7905239539925629
0.11767752294164198
-0.7280972271940532
0.15456473934013557
0.26766907656950345
-0.6189206520951616
-0.12702371280593208
0.22908705867979742
-0.6797123597799677
0.4066516436077124
0.005978068540126154
-0.15218976920466215
0.05270667299158688
0.8032240451439524
-0.6765607854951978
-0.9667801994561104
0.3252899559913013
1.0
-0.316971223355742
0.1632765721092827
0.9783264357537846
-0.16817488150075985
0.47457276136453347
-0.8376170426814875
0.3709093255875831
0.6016353149253583
0.03317038653875126
0.45820583427144923
-0.41520385917834524
-0.19262119095419666
0.6034324397484587
-0.34285304201175837
-1.0
0.7088393161788235
-1.0
-0.5139185278136031
-0.5583707471533219
0.4176465712798605
-0.30649859550167324
0.30888433583704367
0.16362945280564278
-0.5454488712362524
-1.0
-0.43782388574863706
-0.45981894778233096
0.34754160907993786
0.2601708677345228
-0.6355526406240848
-0.27779281706441006
-0.324519306938613
-0.812485759485142
0.059503071491498916
-0.7290868936131559
-0.33296233127387326
-0.0788900573615807
-0.3093964278345297
-0.36821132692220093
-0.6550089749330914
0.9621127689389247
1.0
-0.7925263091862433
-0.4145837043690769
-0.35537306526139323
0.34141980219884116
-0.6804815946579448
0.30239576981937494
0.054191599530402465
0.30122838118040196
1.0
