-0.3794597087169453
-0.3538055691734187
0.5534093919075633
-0.24870329755681392
-0.7963195671042665
0.09008422560296654
0.39810288795760873
1.0
-0.6153272353373849
0.18809607006741388
-0.7550018557408907
-0.5304347958023968
0.04499443592757529
-0.05556934556085713
0.37831881497287223
0.09470680944057236
-0.768428334099756
-0.33130871944467516
-0.6749035973996493
0.0013162487281552818
-0.26767747928206703
-0.48531823405887853
0.8977273301860302
0.06171087091137078
-0.3250513827455162
0.05018755428921554
-0.03412696772029898
0.2654928991551177
-0.2516176531493055
0.382442617199407
0.09030788923208444
0.32245577001499465
0.06066175552655374
-0.20193438631133953
0.19763994927638898
-0.3839568123319114
0.2044921201826218
0.4929029264138581
-0.12743572986256918
-0.748555909428975
0.06914315971482182
-0.6718885115517471
1.0
0.12472328979986183
0.06435326179353788
1.0
-0.07743621970103826
0.10333492050821425
-0.38646893299939744
-0.8432417508199459
0.21282256386872667
-1.0
0.09919271547374996
-0.7449567117722257
-0.6848968341485773
0.7515605472087213
0.38472627742410986
0.8962075146487407
0.2141046157546521
-0.5577779260772039
-0.18155983743633608
0.10329036617373902
-0.819281619691295
0.9883253824969896
0.1170855600719578
-0.7074632682544997
0.13948425094118358
-0.31007202307675097
-0.5078681218066491
0.19873811602029703
-0.34826529822611046
-0.038075227193788024
0.6480876737076456
0.8339338694829806
0.012525568445515
0.9970825901433863
0.3234314472424718
-0.3075789215348203
0.04706328499247498
0.3709430194763933
0.5405122975457138
-0.24847344821278605
0.07057398649355881
-0.1285179054106552
-0.5178507272374825
-0.501157962716735
0.7209281730808472
0.47704541843225184
-0.3849037830426469
0.20291463877638488
0.49880677183069916
0.7642108470327634
0.2750851479513097
0.25942625448526035
1.0
-0.06636170083185923
1.0
0.9133099020586256
0.1740733534552327
0.387782230587053
0.1185688371180199
-0.23517411019727522
0.23025849238336688
0.08085325638495432
-0.06184063698778955
1.0
-0.8827637580456733
-0.5025080824421619
-0.08370304752368869
-0.2227166212992097
-0.04591255514326527
0.8359043900267528
-0.3110794463596509
-1.0
-0.16044143206080658
-0.6065251208274572
-0.600426201805203
0.18575095409408302
0.8930126125293412
0.641631076577329
0.21659913510854956
0.03640649251298899
-0.5165179204395368
-0.6874460720689903
0.6319243404363994
0.3331353910901822
-0.29269252617139707
0.5605230444820304
0.9117418941701904
-1.0
-0.15539867891426284
0.35376863503275485
0.38159384366139176
0.5986602805935284
-0.7436170202593355
0.5429430710789674
-0.9192764175780325
1.0
-0.3629586537490668
-0.27658236339346787
0.31614432987652413
-0.6007758771973689
0.4155440567055621
0.686907999343917
0.027277471363407923
0.6755634361321158
0.12126089470331197
0.15254956293264033
0.28466462501896617
0.8004789059331644
0.4732460720146377
0.1525871371134257
-0.44402748591349817
-0.6990389832805888
-0.24977246824697522
-0.1736575375214938
0.3524916178938333
0.30003314864253783
0.2052565155799104
-0.9189708428491944
0.49444799985062887
0.017034677583230233
0.3232194631855987
-0.35331688415294404
-0.9204450040774366
0.4064973626543228
0.010363512534664188
0.07361851785881623
0.23362787652907405
-0.6750205399543604
0.17465481097120117
0.37845395763707856
-0.7030630788221462
0.9809873648644778
0.18241558086577486
-0.44024940020806824
-0.43718990605476665
0.328501709813249
0.38170176374435255
-0.6388657123685941
-0.22971619134502208
0.13378291258282507
-0.3588265134285523
-0.023659037607389553
0.061472824378659516
0.08757317429149494
-0.23545957531375233
0.34517034083519665
-0.9188526766440345
0.32676262015258145
0.01054659567241969
0.6580870067191227
0.36138908852788115
-0.12096070997652032
-0.051871105776491386
0.6598145748901174
0.37011477544207727
1.0
-1.0
0.6085828166933566
0.5923486746520504
0.4956396846745797
0.1564933904082024
0.8686488407424665
-0.32556709880287765
-0.07539979994367624
0.43241250428243694
-0.36461369716755004
1.0
0.48562733899700505
-1.0
-0.2073841220655003
0.6960209925764445
0.4166739283422678
0.16734573734005223
-0.4674606697059515
-0.20677467097943056
0.09298774391947526
0.413619531359667
0.1720103323496652
0.7491784375736642
0.23839807772079802
0.028735086142196636
-0.38017128770252956
-0.7893998821743088
-0.21939848819316649
-0.2507639999015253
-0.25842410520989023
-0.33548120899166517
-0.11209093995506327
-0.3294892756328808
0.5638505910407955
-0.33690624014359694
0.42505884614291967
0.8635875110254103
0.36834739335174194
0.3859826913329841
-0.17247716936553298
-0.1327355893210962
0.023939322053014897
-1.0
0.7628888172671274
-0.20466809714499032
1.0
0.49723816975542956
-0.3617986625377431
-0.09660692479100243
-0.7799785748324789
-0.47793122660090037
0.6379558728326261
-0.31673524676777204
0.6122604699193174
-0.18372361337603568
0.34968626926950763
-0.006029305090000508
-0.21697564588255042
0.1527574151966599
0.2009189094804964
-0.04219058576582782
0.9182095515107754
-0.4810087239794651
0.06784044183443275
-0.7494005867761903
0.11905073789094306
-0.4036212716110152
