-1.0
1.0
-1.0
-0.8300850532938762
-0.4754708822828481
1.0
-0.7908893450436719
1.0
-0.02766773271950436
0.2880445479690407
-0.2432255694625179
-0.35666975759449326
-0.08454762764915026
-0.19529856408836352
-0.8031242172757891
-0.03066446067802057
-0.02403474519080575
0.1039716866092381
1.0
-0.2086647985508825
0.5825889341850494
-0.12602409392544087
-0.9342138928158366
0.009439268289004146
1.0
-1.0
0.5807389653911205
0.39839146359529126
1.0
0.10199654681116996
-0.40710200890678105
-0.09123223270448569
-0.5912381796166796
0.8630852335710949
-0.28120076444569775
0.10016590782649375
0.24243634444573278
-0.16535460895070023
-0.18067686709647993
-0.43369430473517057
-0.12363979999679645
-0.292872171867003
0.48146603616475325
0.6115360367124367
0.13716884248740505
-0.4323023560855261
0.010593300778289792
0.013459863072362313
0.3829546533196078
-0.6885050189975999
0.7053686800813547
0.11963839594619044
-0.7741208090387905
-0.16367474552080333
-0.13058803485480117
0.18959942240819933
-0.5168764387912568
-0.2632065645609243
-0.28323967942525335
-0.19267187726253598
0.3206220337800282
-0.5829533490244907
0.2618666898050898
-1.0
-0.8629429091723839
0.033180330026375854
0.7404181317489803
0.5012969853532003
0.2861797466783657
0.8246291834971952
0.2507954378091241
0.5494070451684779
-0.21313402996998895
-0.24093516956937197
0.715649897097197
0.1922866211812499
0.5215859957054096
0.2383359672938
-0.7822275763963634
0.6826350728848177
0.4100854930545446
0.26077456780467306
0.32134140165060066
-0.5133085547395059
-0.3367169381810914
-0.15759719764228444
-0.3019443031718182
-0.6765067458207682
0.11985291630162695
-0.579149087439517
1.0
0.3602033925632989
-0.121021194678442
-0.21523331539052612
0.27688774655346865
0.3819913770393002
0.6050496307941999
0.18501440691557072
0.21044121478822753
-0.010327481076677704
0.09080089244390753
-1.0
-0.11422955850582327
0.37168790199990237
-0.2514924719522954
0.17377130714353403
0.07069540993615223
0.46241129896297334
-0.45405125757863557
0.16715989437039913
0.3385090035741723
-0.28287123033470135
-0.1854013568479222
-0.3521821160547194
-0.3121826733787729
0.1330511590353824
-0.06345432841985447
0.7738393760589181
-0.8849333406198665
-0.019393492590677807
0.24433879962494762
0.16902781521953686
0.2694753099915498
-1.0
-0.04129186685011969
0.7553317905380987
0.5732628367581747
0.18197055894767933
-0.30513687910180526
-0.7061189971336014
0.27259865737415717
-0.3540078889529078
0.16436416766121548
0.4167722958613831
0.20522892984804308
1.0
0.032201825403002045
0.9306862303850808
-0.7824478929967044
1.0
-0.11145657993618562
-0.22301587969578443
-0.9508948649641709
-0.2501858113824042
0.25228672305606237
-0.26529199381381485
0.21562165772167222
0.5282410750388838
0.4949197818580731
-0.98752551172422
0.5264581119280116
0.3041487868019077
-0.09546175577102407
-0.2542815953053703
0.21169446961665211
0.016489707777638588
0.2053793217472155
0.714602343947092
-0.29211368882955785
-0.14723652301209453
-0.6068323217773649
0.05067227085431804
0.5298288079391583
0.37061391468239296
0.6856982973464885
-0.22523708994341773
-0.35450003393845425
-0.33904232915396554
0.39149516244609395
-0.4265225356669293
0.08433742777007312
-0.027063658631262946
0.1310064921813864
0.1437390946979405
-0.36287748535383396
0.7875562375086289
0.8046651850209681
-0.4411591786030017
-0.280712225992445
-0.03040717576454036
0.9165786698440881
0.6564447794119659
0.3511450802108331
0.4217383576766406
-0.24297935190496098
-0.3460966049155077
-0.8159131648746855
-0.5603281739277968
-0.20063675845442255
-0.3198385374975831
-0.2088176537046175
-0.39054724751331277
0.3817839408141692
0.6586080191303834
-0.5380152217661278
0.9090492603892735
0.17393276743232045
-0.5383065398935681
-0.008583325642374393
-0.14668868047562636
-0.9426525152101674
0.10689805604281255
-0.2541786677892906
0.6119904418844857
0.49330357999906077
0.3502532224104262
-0.0775433255364885
0.5733257703427003
-0.9135223791998754
0.7471401108353797
-1.0
-0.9226679680830626
1.0
0.006733300639893717
0.8085088602124396
0.33959640648674555
-1.0
-0.45595118929727796
0.3350072253582206
-0.46197393419450045
-0.5065818679657622
-0.7223902316518612
-0.5044283760216366
0.5886215432508772
0.7511390421656912
0.8855571755444923
0.210118360679984
-0.6404881673807349
-0.7916608634118688
-0.04241103537715054
0.1259519559254335
0.44998789525584104
0.3168842490397334
-0.5214710846372329
0.01746537296994279
0.057346825133806484
-0.40258252139244105
0.02316672736710139
0.36468130253799025
0.06778904865570445
-0.6726001524592886
0.7364555818482028
0.28723496747885435
0.16293184593578064
-0.05028333633636952
-0.39275355035375664
0.19068633779552965
-0.03132590523185177
0.35333861340145334
-0.6322015327310885
-0.6750259894685353
0.25994479780106017
0.7019723197112862
0.1489275484817522
-0.018665137162706583
0.24693850893752178
0.8940038348160073
0.5303788351869149
0.6687693026384719
0.7437663770434467
0.23010460557798101
-0.5153774234050488
0.17978610643585582
-0.8200615435631256
-0.29670092025278405
