-1.0
-1.0
1.0
0.6716349628849774
0.6928781666648268
1.0
-0.1882125265376769
-1.0
-0.5946932369659057
-0.4007211384918806
0.06877733081983159
0.7586246245131577
-0.6469889194145407
-0.5155397207243448
-0.45310278932018355
0.6349673351435825
-0.15925303173016234
-0.28078537470370474
0.5692473179431858
0.07510057315577054
-0.27942171487204276
-0.3657093827925933
0.5159103315770862
-0.14204528435874225
-0.0836698609545932
-0.4507018984704423
0.22160478749954168
-0.008229529442633306
0.10551953149500297
-0.2984354712425703
0.4972264767904782
-0.09065308394522371
0.7608715560524258
0.7139747770554506
-0.585246205512509
-0.6173084281788399
-0.5956852434015654
0.17565484650396723
0.9553856052558559
0.5100180518463162
0.2985954610916441
0.5649625604636971
-0.6148420094625501
-0.24178872587568648
-0.5822237974773959
-0.13695248290752812
-0.0653016766133701
0.07430508686839182
1.0
-1.0
-0.0923931520037614
0.04689342308766458
0.09214243603829929
0.6241257833041024
-1.0
-0.1555267547722166
0.09948721157099326
0.177696852535342
-0.3508945350957305
0.472117825527892
-0.4980034546089439
0.18417123436968644
-0.27004110108694995
0.5247345482732627
0.786773872169455
0.26502889709814836
-0.26263591008340387
-0.4778644162478918
0.18964326056112218
-0.6272186528439547
-0.39291715039009617
0.3200202431370435
-0.6362588872670869
0.686958624802262
-0.5162436628043678
-0.3060741448502999
0.12187718942801302
0.4211863636509798
-0.4635026629570383
-0.10544058448580908
-0.015208524356503715
-0.08734174259293499
0.7925022678362423
-0.14879635710046607
0.33973832834902135
-0.5065901338349413
-0.3689000752287961
-0.24002135765171553
0.3958108777219243
-0.6521819459925209
0.5287502368363307
-0.13873178016250884
0.545023619716521
-0.45122394859479886
-0.1284750975060723
-0.5011337750988687
-0.487852222903277
0.18683816744002746
0.2688199364742385
0.20579361674481295
-0.3196926573863242
-0.10997874809770136
0.631043176926545
-0.1741399392576742
-0.17822554499060328
0.1702297259164612
0.7330168969536177
-0.6192100390775671
-0.17822417468687024
0.8603493563393495
-0.12000047821932788
-0.1335198467391026
-0.6314532813989654
-0.2228968387090726
0.10467108487920943
-0.3555656249676834
-0.03306070499228583
0.6690198791586593
-0.16237697219933786
0.8788140578051961
0.09684691359103144
0.7922397508568868
-0.7939177961840077
-0.0004024688720117527
0.38257426760399643
0.32769893095761793
0.9886421114155364
0.018146000649985485
0.4149259968966084
-0.6952411265304135
0.5511756845049038
0.29270996062770704
0.7425342544904822
-1.0
-0.9222562874680031
-0.7488558383388925
-0.2187196283523456
0.22824643229817854
-0.891363704241999
0.6302615854645286
-0.15781207587347254
-0.25499627726669677
-0.40552000009491934
-0.017916550384246013
-0.19223976608577922
0.48127845734273356
-0.6317315638977619
0.06379296117668312
0.3407121575276509
0.025534282062862165
-0.49999413139852256
-0.40009330684884165
-1.0
-0.6568110669289727
1.0
-0.13275894734499627
-0.3329195524537195
0.3881526823809667
0.38208428578813497
0.07129627352267716
0.6076179208275886
0.4886898301735979
-0.8771925678578999
0.2840397600181341
-0.7813683891691284
0.5064875027010118
-0.7665215101193462
0.5119101617338588
-0.4749577175262551
-0.24022920062333214
0.17840616197010523
-0.48014190551924557
-0.5086841607615498
-0.42781187549611555
-0.34111770454885737
-0.23287395039195635
-0.3292685062155078
-0.5291547504151325
0.3337927622916758
-0.3011255101573672
0.24556005928994745
-0.3612710614811875
-0.07636617934553516
-0.2097740130965251
0.5002748652289435
0.6336584588734825
0.3049257393945332
-0.606052932778692
0.26435515354496886
0.5033971488338008
0.02126176828585028
-0.4615786288280039
-0.8322355358982337
-0.034749807761356985
0.11007937524453157
0.045307476260862414
-0.34318472841507625
0.5385922250216605
-0.5103139690184009
-0.586191987103106
0.7037051811374151
-0.32462065087861414
-0.19933389566750778
0.001315527272859063
0.223857207814524
0.04954517433212082
-0.0024643210530687657
0.4079262081377068
0.21747228666381221
0.7948877293627377
-0.6441587591401154
1.0
-0.5866176129020784
0.8103995010126078
0.6814234816037801
0.048461159525167975
-0.2505815987319366
-0.3923184863926597
0.8427281113334056
-0.06427087425133268
0.03346494066280747
1.0
-0.9450794535557471
0.21350848302283498
-0.6287936824529122
0.368084197075878
-0.5618490109151987
0.7238907137568537
-0.3521297580049221
-0.025152697661217353
-0.6851067349036567
-0.34039876112226775
-0.5086130970739784
-0.7235526451637193
0.07796246953151294
-0.3732567349048578
0.5042927697752798
-0.22540135185268978
0.05299035593488132
-0.46381234516431374
-0.2960340555078196
0.40276659262832626
0.397712584085865
-0.13820561829447892
0.061467552912663474
-0.28874395365307637
-0.21561712663606097
-0.5185455610073281
-0.4787752685694447
0.19995094419825202
0.349328990018331
-0.05058501884134778
-0.1474930681472368
0.45955065559168157
-0.18083687222896042
0.21894370350078435
-0.5546033299809895
-0.4298905228401835
-0.05044335165329118
-0.2586940568523835
-0.14468185448302556
-0.4376933624058947
-0.32542661578709375
0.06380969301957838
-0.3377434924271538
