0.5252188261393334
1.0
-0.7365152525465118
-1.0
-0.3931749960211378
1.0
-0.07161840218132294
0.4772832797530907
-1.0
-0.04994462817093956
1.0
-0.32751420579135126
0.051372591148164864
0.43289766103509114
-0.1774791183736747
0.4225493157123247
0.07260412151540957
0.3719846396680643
-0.43812185874568055
0.25113967628852873
0.09076075115848267
-0.17445626275733955
0.43552196043883523
-0.03625790772737028
0.8303356502622088
0.09551411376934565
-0.7254280994854725
-0.049346949274097954
-0.4967025155772318
0.2895501964496252
0.06560697903404689
-0.23165953498046332
-0.7778799639608256
-1.0
0.8593859032769238
1.0
0.04793723297423777
-1.0
-0.2684543570673445
-1.0
-0.05984346731639205
-0.102808306552788
0.09062676820850013
0.7332423921011046
0.13367927890082276
-0.010489017227492726
0.05978260329621482
0.19733013709377445
-0.18902327864602786
0.02854643512085414
-1.0
0.12855610055487576
0.27265310657238817
-0.6205802474480694
1.0
-0.23235604964910514
-0.1412532999137896
-0.31247246913095755
0.16240229998090797
0.6252329023495682
-0.35896450260526064
-0.7036134311735741
0.8783871046110445
-0.4806147074578399
-0.267105881013841
0.9325380089073694
-0.15409104710482047
-0.7258896841140414
-1.0
0.7359656396004003
-0.4632554958431518
0.23606517902857055
-0.10882148489909842
-0.03597966346403014
-0.24078316305794262
0.11124440125950177
0.5598771879045858
-0.5673473163710095
0.5447948251646741
-0.023128591381924555
-0.22667623124832958
1.0
0.045314427360766074
-0.008197231053202612
0.85065218594377
-0.173016215299364
-0.006182040003855273
0.23005251989658898
-1.0
0.19418465672139826
0.19662230984282736
-0.27839463790959207
0.12267115826171034
0.46193702153338967
0.6406528946183782
-0.2717133707446405
-0.3614803274242521
-0.39798668065460163
-0.6157834054440869
0.3957992439130055
-0.20983730538433382
1.0
0.02948636908190516
-0.6700821672848274
1.0
-0.18376694399837168
0.4275193006796951
-0.14563115511683072
0.05770901742479745
-0.7051940690405122
-0.03727702793952109
-0.7340272931309785
-0.07197793423644971
0.16120667876050088
-0.12782840083453212
-0.41820017967609974
-0.9563870993648469
-0.16399439498609852
-0.12163663979523415
-0.005902742620446544
0.7791332406407668
-0.23931303138009635
-0.3583422829973265
0.7388092710969381
0.4129125981027994
-1.0
-0.9295694264435593
0.1806632839734375
1.0
-0.28810394450039634
0.46335751336259834
0.5955330064131386
-0.29635353159613076
-0.8053857761944213
-1.0
0.03966594977754748
-1.0
0.1259561224147998
0.9452508618905641
1.0
-0.5352617971833831
0.21419468510098258
1.0
-0.1485362272224905
0.30910106210935173
0.4123187541974125
-0.16035921886810162
0.5682459228121506
-0.30395666433358104
0.17967055572956217
0.7668396745178314
0.16407441473446216
0.17415496595919877
-0.6900900203549788
-0.2749902097236402
1.0
0.19940571736829543
-0.01617895948924819
0.08477027242505097
-0.33871527892441156
0.5258789304014384
0.6868657731977776
-0.22088854759530288
-0.03516722719681242
-0.32255152459111336
-0.4702288905909103
0.8360237613754451
-1.0
0.8562996937213568
-0.042137758026654475
-1.0
0.9135799101817915
0.16852083074314883
0.6523847318016894
0.07532202358340354
-1.0
-0.016978652854638954
1.0
0.9151952972437525
0.2758324912882801
-1.0
-0.059699068633658786
-0.23364033720320543
-0.015588991411055282
-1.0
0.0012084634182063236
1.0
-0.41135034756767097
1.0
-0.5590726611084018
0.8594412978272454
-0.43763260292091255
0.3507624333682137
-0.14807469256637673
0.28715404000922007
0.38974375821394514
-0.19656932316432912
0.49778144946098163
0.7884299609034054
-0.05145741684743799
0.15848772863402527
-0.6407163523853228
-0.2285308381182693
-0.4994655419827975
-0.20273713903519974
1.0
-0.26274281725099846
-0.5298972042141147
-0.26297047370093296
-1.0
-0.9474096283473105
0.08317639355352796
-0.05575062329741566
1.0
-0.9920635286000314
-1.0
0.3875181257328034
-0.2446006973915892
0.3090714086010054
-0.2872611100073962
0.2640400417464828
0.12372356306333174
0.6023699098854525
0.5480103199240332
-0.36483167084294965
0.5755668319690634
-0.9195501007002913
-0.10625007781793738
0.4491938035032975
-0.549739311861428
-0.9830819841622758
0.1753651657252307
-0.4540744761685247
0.6614681277306159
0.019957377158932865
-0.9884516986339976
-0.9954717542411923
0.7098810321579809
-0.5714034849846259
-0.7524226553037713
-0.8845056629417367
-0.6525462683488974
1.0
0.48787552062519296
-0.5505574430666771
0.743575613573317
0.6058104255338403
-0.6156049878046348
-0.6841002674747464
-0.09268967802306059
0.924685614164918
0.2276116826722414
0.7656172937679321
0.26311680280210953
-0.21790744267293227
1.0
0.41752407098523736
-0.22554535972676665
-0.794671410166944
-0.444042559760748
0.8182863103610384
-0.09013794829817585
-0.032435631169571405
0.45052255853616247
0.23356798610448465
