-0.42394829073103063
0.5061968618748409
0.2105208997274288
0.340563081270975
1.0
1.0
-0.5492744514330795
-0.5982188981310844
-0.44706515123587837
1.0
0.2067576130808368
-1.0
0.01365825305863645
0.5257820955201455
0.2608021008549059
0.17968238777373433
-0.028701249482325827
-1.0
-0.8819091765972985
-0.2605232909079184
-0.18539590963613167
0.7007646610427812
0.17305278772769161
-0.44463454639108496
-0.4645557934364944
0.7727392459043422
0.6093018248941062
-0.3885367122565362
-0.36466748524683634
-0.12834820707720876
1.0
-0.8578925673029294
-0.6755890361616071
-0.07679862914244469
-0.12440327946489271
-0.20124732904629264
-0.5200270372446976
0.538342881801306
0.6306619314999281
0.07125649082151639
-0.43077203253901236
-0.07272069913893527
-0.14187022370344854
-0.05495201542128484
-0.7497882757041604
-0.4767532083329869
-0.45650814107584564
0.7638663343851736
0.6185581200737611
0.5236214885829911
-0.019728131740368894
-0.5977832258369127
-0.09516203639591642
0.46791084991731063
-0.09654425277521508
0.7151996074552567
0.7977593420721902
0.03927617162381399
-1.0
0.38151389456871876
-0.2918406252577181
-0.8432949686359191
-0.4011164540680032
-0.3434408144902546
0.13877943347760516
-0.4537116479744332
0.35509088930469396
0.40931213352982343
0.16466869372486062
0.7513640475939705
-0.020268075223583704
0.17466557115025755
0.6108434399638735
0.009115895388253204
0.37521802733097875
-0.4818572387732517
-0.6137938424660255
-0.8983296986488968
-0.15980660402786614
-0.8138005412162767
1.0
0.6890675140713892
0.6475401880958505
0.1758850562883057
-0.08985357949224869
0.31129210454101625
0.7513995574502441
0.7247582995162567
-0.37195165019365817
-0.28706429500671027
0.9230953882806404
-1.0
-0.2528134740793186
-0.3965184355779582
-0.5790686892743107
0.679095089937553
1.0
0.21556995475144938
0.2633707633808143
-0.6095749784753584
0.20219796079744176
0.29515458631081604
0.24748915980724356
0.3095249639468983
-0.3741144189114068
0.02853169543357526
-0.1889806240118081
1.0
1.0
0.13550259243503884
0.1472457664349188
-0.03650260643012584
-0.2438134095214088
-0.6600089502698808
0.27286497295258916
-0.7376307177580314
-0.2369035184958717
-0.1977401958019694
-0.252792270959228
0.40991095258726123
-0.17900993408179727
-0.041053146284062085
-0.029653641398967662
0.21044878601151762
0.20211224060282842
-0.26115817271453057
0.41167540984819057
-0.4858936203323314
-0.30011284767940644
-0.8258261354407765
-0.7367752514221291
0.304915432434143
0.7329579470856805
0.5898488660635411
-0.29262331245411505
0.9119860565167565
0.36583605902842004
0.10640260546021478
0.13539971202793538
-0.0919007308022707
0.7658855761407972
0.43246347453550704
0.08532604133119057
0.45746443348733046
0.4568005875671721
0.4137857304410904
-0.8682489144339464
-0.04062349452947014
0.05816654711357097
-0.8822749361073043
0.8388838713402382
0.10695314146905073
0.3392440211914829
-0.05905390994605545
-0.731565656443181
0.5476619401343504
-0.8937958213279921
0.0933592575031081
0.14366666193178257
0.10121749496015708
0.1751264172961286
-0.5205579436839929
0.14767253857107535
-1.0
-0.3506707871253189
0.35014768271911245
-0.5447663671493641
-0.4496849869914999
0.7403147722281479
-0.375033254765491
0.3543557137077944
-0.49930467315248156
-0.24386410471900433
-0.007642969038107968
-0.40454763037168345
0.5795150278667897
0.9584940948161714
-0.18179879253427397
0.6974068909918737
0.5718046632888809
-0.9316914424373551
-0.12326539476611614
-0.6608856345564119
0.31419623321584866
-0.6789385928725417
0.05370648399427256
-0.28904256700058595
-0.621401556739938
-0.07460286759573699
-0.15636488402586995
-0.9105746495869057
-0.030897179381658958
0.42484530619952987
0.22557888870177661
0.32676809396967266
-0.7008374504074428
0.6706354717278614
-0.021967233178995817
0.24235120208941313
0.3725927251682923
-0.5773282033287671
-1.0
-0.10556314717665426
0.8573268160818263
0.458392948821354
-0.2267474664973992
1.0
0.237985188081246
0.2556442933953238
0.1309907492807093
-0.8026711159903854
-0.18595743637998172
-1.0
0.34080397937319984
0.17384696455573334
-0.38676584888694987
0.21573978229754884
-0.8551225188906553
0.2913359363347378
0.6047527483235556
0.4254630577712064
-0.22342856779340456
-0.1109149159904872
-0.5309623706764481
-0.6686925935094217
0.12279217169121256
0.7119532192208592
-0.09946127433150943
-0.8675245049736067
-0.35261493269597405
-0.9844390486867934
-0.013206217629236119
-0.06948504177034516
-0.02811436326778325
0.38929521639897213
-0.3107144731598572
-0.3310080693056227
-0.42522069153063297
-0.018258949093639117
-0.6290693215411194
-0.12760640953328908
-0.08149118727131573
-0.5245520677786729
0.3227260893934376
0.2180856914778583
-0.5571801462870524
0.36447296340747276
-0.43341000791326567
-0.2851269498484606
1.0
-0.20490001273890615
-0.8881955407989724
-0.20254396477589623
1.0
0.18613754566077867
-0.6320629230161289
0.21380015965158256
-1.0
0.695555019611937
0.42166203932201496
0.038496014391002586
-0.3459631667111836
-0.2689898962406545
0.7304459046460777
-0.8795285318875716
