0.4766972336612567
1.0
0.8802603558379845
0.46733901298097247
-0.8694121311938215
-0.3860918941576444
-0.0026861557849175988
0.6455423320705961
-0.9427483933886207
-0.7954030417220921
-0.966383844979778
0.016906186897153983
1.0
0.44686323992172294
0.9003390242405869
0.5343558582374176
-0.20796618628452723
0.24205707206785143
0.9431556894778551
0.8478196618225939
0.5639264544760427
-0.2092698529318133
-0.0791756285775915
0.7473316961207213
-1.0
0.1446980449734475
-0.3116744989176058
-0.32532944992364604
-0.7789289175944218
1.0
-0.9537635678885061
0.4383487065386309
-1.0
0.9110142722800924
-0.2972842311792506
-0.42905364981966965
0.440110285690471
0.6671815648458772
0.19568303080507093
0.006378061184164514
1.0
0.5397543761652746
-0.44098031369537827
-0.7693182902558088
-0.6164133303875653
-0.012397186350314955
-0.0341209658337671
0.4823046248101359
-0.6681925282604806
-1.0
0.28482297903863985
1.0
0.20612369722525956
0.8822150983766996
0.08131031994136746
0.5457211492711054
0.6452640833101073
0.5989050123943458
-0.059335843138294875
-0.014141479395183953
-1.0
-0.10563417798854435
0.21068978392593354
0.7955467425614949
-0.39152519875198943
-0.006376866921648905
-0.030061114369131336
0.8728174362256887
0.048243893101004014
-0.40005688782541177
0.752504644706627
-1.0
0.06974965148467066
1.0
0.0070278001049794425
-0.5235130693898424
0.3519294717152965
0.2547077076786092
-0.785870014528726
-0.14383556485484977
1.0
0.2296684483824637
-0.4218775295512851
0.7375179640176399
-1.0
-0.1752213790048729
0.5935171266575556
0.14181690428282728
0.4794287522474254
-0.22066628018075524
0.11320338732078118
-0.10226484388994385
1.0
1.0
0.2260379562314227
0.3222270130823395
-0.9057620086496874
-0.5920080339970636
0.030439113900485714
-0.5930548381973516
-0.24529256237600824
0.3786701208624937
-1.0
-0.20898076333951104
-0.6523484572239526
0.11551796045679552
0.5875799306067104
0.49308744358215695
-0.5917153754010306
0.38675954642281596
0.13720783782219215
1.0
-0.48396571698917834
-0.23913136462556497
-0.4925960656848819
0.9705228398019525
0.2935849366760537
-1.0
-0.42588309037869837
0.7804437445568646
-0.20581810856032212
-1.0
-0.09408095996339305
-0.43214966857002596
-0.2895278104902907
0.18754576681704346
0.20561045789830779
0.7450722992847828
-0.020884487065469415
0.7084645503112543
1.0
1.0
-0.6278010990475384
0.720922518585754
-0.816211009628903
-1.0
-0.2052938608113698
0.4784635520707048
-0.14129440164444418
-0.2173130159686807
-0.25498968610128603
0.23558558351270134
-0.253836162516446
-0.6467725784668628
-0.3848412872605132
-0.92848904058401
1.0
0.47291422861538523
-0.4432019973481552
1.0
0.9027885390500348
-0.7862307473094444
-0.10808585234899429
0.04279923953775899
0.282895763433619
-0.35373302460121164
-0.8932183332903674
0.9050556467167188
-1.0
-0.5429335205179475
-0.13930622847845134
-0.10862970723956211
0.23813502690688568
-0.3587626884108954
0.4632856912441665
0.38764372640079764
0.42250986888507835
0.1112699467388177
-0.11881958393171355
-1.0
0.506754225965336
-0.49857506761845405
-0.4208516952981942
-0.055270838311291426
-0.12814507799518693
0.4527597686943122
-0.2674641959598786
0.3039769740867054
-0.5356617799670267
-0.7125452367273972
-1.0
0.8260484166117511
0.5660642719208379
-0.6617562845782126
-0.7181681823017467
-0.49330231935680585
0.22704010545780978
-0.41770542211448825
-0.10420030413980541
-0.21942593884121822
-0.532225881893739
0.4814149694484079
-0.8423743875164198
0.8619553495071821
0.23925132156444262
-1.0
-0.042778713355609316
0.7763468151977458
1.0
0.29950461920838084
-0.7907852787158522
0.3383246253987489
0.12366479366186554
-0.21245362289958414
0.749966208714065
0.3494372651355673
0.4076523815863681
0.41781906098987454
-0.455392242514045
0.30382793101339645
0.13077801545606504
0.5981612852906751
-0.00939617962616987
0.7935158559356518
0.2586157889566066
-0.2486350795993647
-0.15110260536360487
0.43507854034553517
0.8248389237534403
-0.6770554561766924
-0.9349159117712555
0.43886345527787984
0.3239090528759935
0.4463287044263375
0.05740186990212792
-0.5538658417729037
-0.09875574452165914
-1.0
0.49243146812649424
0.03901744652751118
-0.5836700281967955
1.0
-0.9181590251793688
1.0
1.0
0.46247004495302935
0.4783994086387797
-0.2586001877709666
0.5937679723714213
0.6651970715900848
-0.24291420036268802
0.1833885610287973
-0.27520580849275
0.1815031974741442
1.0
-1.0
0.5093068275012411
-0.05864339529953912
-0.21372857014394464
-0.09514788217108555
0.2280413024696022
0.3370495508104479
0.436581633284861
-0.7798153998184705
0.1932844019992606
0.5908680810896727
1.0
0.38121132969046695
-0.3778678314222086
-0.033000706749197195
0.39985728217016686
-1.0
-0.42305558120095726
0.16172652252582922
1.0
