0.967082263993435
1.0
-1.0
-0.4284697448557311
-0.4116644284961857
-0.6593697812075424
-0.8457583567271157
-0.10643720276374331
0.8355217233878036
0.2874080889505782
0.1851253422202804
0.7078584689209242
-0.45563131010645297
-0.2771215863045143
-0.47634143518303557
0.614931370186382
-0.024967724769925675
0.13122675003283563
0.3249076865662203
0.2581488254845642
0.33907324834709734
0.0677865393935039
1.0
-0.4683665365568542
0.19885326637431336
0.4021624904875416
1.0
0.7780021705454487
-0.8243589284535319
-0.48878501827465476
0.5270098561334122
-0.07940314940338282
0.2779241741210202
0.6840592633007567
0.13829509222186132
-0.5182838745244293
0.182862855603699
-0.02497034804067611
-0.10279896230774246
-0.3180775522100656
0.24946313732891712
-0.4463709286080566
0.15158971437522034
0.2231538137647507
-0.01047474968602663
0.15461795772783987
-0.17442001893417505
0.552156364344407
-0.9167494701126141
0.005412858506159054
0.18580153815965128
0.30152664158462394
-0.42262345266645807
-0.3142821306377897
0.19127946868269238
-0.12813914013211963
0.3396671077113843
-0.30636718729692525
0.5474877687326635
0.4541067810892936
0.020878230190411927
0.0882219866798561
-1.0
-0.1219181732649521
-0.47011818558243357
-0.2006814594163859
-0.07922216272567893
0.9113893180803987
-0.7172892226818958
0.20832853070473226
-0.5412996916772241
0.04265744641325122
0.22142878734167645
0.07061943130296308
-0.18500906225286873
0.2989654960686768
0.1485352786607782
0.5607591234984504
-0.0609346906263556
-0.0438632871602903
-0.39081120570451433
0.5392699563919318
0.08310294025574308
0.23024900243680899
0.45581301628424153
-0.5307489329115002
-0.7990879636547572
0.03382997341955791
-0.3023296786539361
-0.12192907752176342
0.24435900612537248
-0.10909285702840363
-0.7138828292579082
0.15868322947553604
0.5722707705494436
0.6000500949526524
-0.6244765759962648
0.2434602815713022
-0.6616588008686137
0.1501537668358322
0.12826034131246242
-0.763343532154102
0.16747412740556356
0.32335205173726955
0.5471491668438397
-0.4902236143486906
-0.6141357646587231
-0.16872057655371425
0.1317477108885274
-0.015414355436305437
0.22375383462615483
-0.8736352094159907
-0.6090952891656413
-0.2922104285204302
-0.017002761554644856
-0.14610475911673815
-0.5882881865771667
-0.9549254232453911
-0.12687074230690182
-0.2112147397701236
1.0
-0.6916173271131734
-0.22053095060870095
0.5862532255449405
0.20625086130521658
0.23111955968812878
0.2669242971368324
-0.31711256299623375
-0.36088540040693445
-0.2990436401363832
0.06946773948631162
0.023370444483300078
0.9324637907864771
-0.5087246771693428
-0.25265111724219
0.33685572716454504
-0.2441438205259085
0.27681147603543316
-0.022555742926086458
-0.0010848587495968785
0.48581876994678846
-0.15507620808870518
0.3044090328675979
0.14332837798274792
0.4679775808660173
0.27817880976244763
-0.11375338930239809
-0.4936270811581919
0.3287096690236189
-0.6574283308932598
-0.7113260595987999
0.5861782281134158
0.12385329719369238
-0.786884890280998
-1.0
0.5514988191562731
0.37830958583424684
0.3773785690256228
-0.033045829286494514
0.0891691687341686
-0.39276390962526486
-0.281768664880853
0.07514206603750159
-0.4636828441384017
0.057395600165494144
0.5464978049285059
-0.19096215769154912
0.02038234087845179
-0.02852578283741206
-0.45639215886620926
0.290948861162141
1.0
-0.09419082903582135
-0.5457592906641034
-0.2776375772631599
-0.17902383499472851
-0.6679048821547754
-0.6890585036774274
-0.8572015444214335
-0.564540015722273
0.4314023296285798
0.06538536955431251
0.19726339675978605
0.04276730923688118
-0.5106140314537416
-0.42072037472416235
0.08020883432442281
0.1728786005808835
0.37986798795013693
-0.3092924068255271
0.631177925354116
-0.546137246290736
-0.23093638828847476
0.4262662947141443
0.9495466285243496
-0.27844571084159914
-0.1350266047657372
0.48006025548341863
-0.25978432367704746
-0.7682592709477644
-0.4100016462817352
-0.5304791716724534
1.0
0.3621314973984761
0.21433469701738256
0.25900270764669336
-0.06609637799441269
0.006773281740190318
-1.0
-0.21599581576339463
-0.04917811448972701
-0.05904658593810188
0.5787502364396244
0.0029422249886595776
1.0
-0.2680363178973159
-0.1097490555337795
-0.48646732824986916
0.3514971942501985
0.7686748643789169
-0.49325781578506056
0.08692590914725855
-0.18733870939407282
-0.37939558899467474
-0.2560033004069929
-0.24619889042690232
-0.07659937855042083
-0.06809859308505468
-0.1634156051594764
0.5157370186790099
-0.5264395053270843
-0.21160245298269542
0.3643081060896811
-0.8999705394788887
0.40745020666978055
0.39724635122305646
0.5895573690599547
0.10962098548921731
0.4094301822354592
-0.5800093198954485
1.0
-0.261424095892896
0.12875544038095785
0.9085415814639062
0.33864746075714086
0.3654031618690037
-0.510482539801175
-0.0402016449477775
0.12938560964788104
0.28253149109169856
-0.6801205121335148
0.3590619636158606
0.5868858635373734
0.26832695476415885
0.8781106976372494
-0.017801840371628668
-0.7084085177828193
0.08340387193721444
-0.7030395488560525
0.06825301309682195
0.1272143871892087
-0.4893725144750265
0.0002788347956233358
-0.4512231756724532
0.4176796801536031
