0.9430314420421754
0.5841111441665086
-0.05385909295834172
-1.0
-1.0
0.24195642755201063
-1.0
-1.0
1.0
0.21201263616997443
0.5981638884042356
0.29557082136982793
-0.6111297822236302
-0.6860002148830511
-0.33014007969226344
-0.6583410872506753
0.3355748434796217
0.6505458144997597
0.07308019394160917
0.3962170922955091
0.6779325465054916
0.26503272465411554
0.3452455227121204
-0.11132481375957122
-0.39455792003531165
0.42823140355380535
0.4108364469914209
-0.5193864602548345
0.4441027253012171
0.9359450790241689
0.14026722463055544
1.0
0.5378474519005405
-0.7096177550918902
0.28227138287658154
-0.1540071063706882
0.12636066228181866
0.8756893838364765
-0.9003742735153952
0.6144502147898024
0.6980006471957156
0.4208005512065932
-0.4760469191533453
-0.010863625712347062
0.6395421490000028
0.13848488208682463
-0.08721241604301094
-0.918694517300162
-0.43017755678168185
-0.14324898932677987
0.2926362566206147
0.021193421857407163
0.3704407675815227
-0.01243802583784696
-0.5097567837619561
0.023177075835840524
-0.5135832924826887
0.06687776726949593
-0.8605973311507215
0.2839975239885213
0.059559499653945414
-0.7091344108284887
0.7200968666424483
-0.6121060311053355
0.7211946575572388
0.99287300240786
0.21403177748112964
0.9400609582221684
0.1670129795339269
0.4182342701368853
0.46347702112905786
0.21709001555687985
0.49705566437989285
0.3376325409050912
-0.8100295428092628
-0.12444465479198817
0.021453390739156652
-0.7781227926475364
-0.7414967967256817
-0.013567356824443223
0.020861784260864425
0.5107494558919062
-0.27214603618712147
-0.20359929127498136
-0.147809410479891
-0.015355575458113396
-0.33674006549261937
-0.12819352526314656
0.7589152326386657
0.04240962575790771
0.22916582391796242
-0.8317115088525535
-0.5362139194486748
-0.029931885542918868
0.10168259528165478
0.24933247432405903
0.45781881431944
0.6572535084461144
-0.21235492690735625
-0.04135766892365525
0.5389468088582836
0.10242529864058411
0.5362207358898374
0.03750166574845888
0.03810911620518219
1.0
-0.08285655940396529
1.0
-0.0924290046687875
0.47447856198180227
-0.41766584761302317
0.29661123622474717
0.9315319959575901
-0.2840820213913476
0.020223038252266012
-0.36445129685986327
-0.07757510821318266
-0.5432230985462579
-0.5195831916020882
0.5082859946096154
0.37862820990132406
0.7175104128252693
-0.5002222449104887
0.02234658299669621
-0.5767475491734926
-0.6047535387190774
-0.8247230512852541
0.48105971664749225
-0.3236197048149594
-0.6289839705215517
0.38237974127904917
1.0
-0.23531106015361822
-0.29107580331839233
-0.4940461203536683
-0.2022418930448136
0.5318223827541703
-0.3969895151783493
-0.5626191214528105
0.08762602342880588
-0.3949887905514102
0.9189126100662437
-0.3866588978140175
-0.18321438914914379
0.014018337807407553
-0.17677203362634059
0.9671323743009262
0.7356407568736855
-0.6623227887532768
0.24003035998329814
0.5651647990710066
-0.19493895366005326
-0.18532363177792116
-0.2759745057620372
-0.192360207244733
-0.4128566753214335
0.3540149185954349
0.06457449418026073
-0.6555653077088958
0.20280643261791628
0.5149724852901141
0.6030171710406739
-0.5037867974485926
-0.23778904814197238
-0.6282742213372067
0.3241233185032482
-0.9339703428689877
1.0
-0.6581828166621944
0.14618511155521807
-0.427281012095737
-0.10118012705498737
1.0
0.8838609272688931
0.4585091635645798
-0.02322670725053333
0.1072283157195777
0.22120309022184176
0.16144382206607036
0.12490258200009646
-0.11298497404757607
-0.5063088221348456
-1.0
-0.33018893467594795
0.3866639400713584
0.11401903912223563
-0.463291042027281
-0.13680686839370312
-0.2453975569141633
0.19945558899850843
0.923709336170352
1.0
-0.20067775159946083
-0.23506428002299837
0.38488831006638613
0.5874157910637468
-0.458825796985835
-1.0
0.7476128092736724
0.3913056584977459
0.29053383780958775
-0.21377991960300438
-0.8694581721663901
0.38753747034148167
-0.43349215403604047
-0.8088573146288617
-0.9566824559868792
0.08697977844926956
-0.1586868695890698
0.003935069442960706
-0.6567708618752082
1.0
-0.6233776400792269
1.0
1.0
0.23970061731963543
-0.061442658351253135
0.07279508213598619
-0.3729706685590492
-1.0
0.33602236347972136
0.33778154671100946
-0.39631243917672015
0.24765904199359545
-0.3573307554701628
-0.32259675407491917
-0.13425782777620002
0.5427579428377237
0.6798089473691693
0.6644564665886283
-0.47059538284091157
-0.21006807733477173
0.1623088430942227
-0.3124222869328821
-0.0983021402806032
-0.6377397415040578
0.19846949961646784
-0.728626685438143
-0.5227036525973318
-0.24323698708246858
-0.7239164073398636
0.10666975645005303
0.49102424090006686
-0.8436654531329241
-0.7660233104070413
-0.11683523951257992
0.0787043675262097
-0.1641183439981186
0.12907034887672575
0.08888431822567217
-0.05184313898415006
0.09171319859110447
0.35713801474031276
0.07890674733134476
-0.01778914660641944
-0.070097475207028
-0.17452918466808442
0.12350174375470428
0.12899580353365758
-0.17726699418363778
0.05537486329055255
0.08063338339249075
-0.014749784223055904
0.33297453152105544
0.6734026244785476
