4.764681136014461416e-01
2.555135902875635967e-01
-5.878757563961802823e-01
-8.285039270867020633e-01
-8.528222378683159022e-02
-8.681785240019443961e-01
1.308874703076967627e-01
-5.157403212469942044e-01
2.678021670617094507e-01
2.884909893586018459e-01
4.233055858950913741e-01
-9.873644700876824665e-01
4.991513940759635393e-01
2.438199284307107639e-01
9.060387542536714189e-01
4.960481263323823775e-02
-1.075882045888565397e-01
5.415213043035660423e-01
7.192468302558119309e-01
-4.085321174203304651e-02
2.108853332433209271e-01
-7.199128698053431918e-01
1.236587311064973882e-02
3.315891171942320081e-01
1.722131016721073493e-01
5.798001991441981140e-01
-8.637904588058287203e-02
1.782583468252258996e-01
-2.691118981335407501e-01
-8.313287894746146378e-02
-9.679200640340797079e-01
7.411384200604353989e-01
6.691307506186499054e-01
9.228900087316473932e-01
-1.853693554890614159e-01
-8.261433760233933832e-01
6.319472641881369590e-01
4.900002237546088324e-01
4.942849814541323550e-01
2.362200829273031211e-02
5.994136970810659548e-01
-1.491769130050462078e-01
6.520220765414097563e-02
-2.570085756792432896e-01
5.182949085875105943e-01
-7.658389968392180780e-01
-1.121086462517004723e-01
6.807398254593077791e-01
7.613874788428545148e-01
3.578206885893557843e-01
6.088683130381413733e-01
-1.188997777083549146e-01
-9.930616547551429640e-02
9.962774814450054972e-01
5.342188056093628568e-01
2.955103178965701183e-02
5.343377001450344554e-01
9.689277345524649476e-02
-3.721045263878166587e-01
-4.757362647219447460e-01
-2.192538826388907847e-01
-4.540183230314116525e-01
9.307520677708802648e-01
-3.532652255682291464e-01
-6.330626062966666634e-01
7.542528174175457956e-01
3.003825725517108580e-01
4.345553689106538275e-01
6.702284243398535235e-01
8.282531367048218129e-02
6.011533176277097379e-01
-9.454007423322909887e-01
-2.946963329895528894e-01
-2.284250235841576160e-01
8.386584097239482283e-01
7.200059854381131164e-01
-4.311550159368293667e-01
3.254833283798523880e-01
-4.822472638698895864e-01
-4.780785415216048939e-01
-7.260370378538889558e-01
8.737967068131591297e-01
-6.403603242651436656e-01
4.714161974773458663e-01
-1.705789966399777757e-01
-3.468665838114446398e-01
8.998448625086297170e-01
-4.885126338435470394e-01
1.210200845930033964e-01
2.331700226754416239e-01
-3.437254994314351553e-01
7.784693975896370688e-01
-6.085610350675847435e-01
2.315414636872903387e-02
9.300948837668725488e-01
5.764259838912235701e-01
-1.716127117838728289e-02
-7.363855514002872749e-01
3.737517280230688854e-01
-3.648929901376973817e-02
7.581888721379181906e-01
2.968427492430123493e-01
-8.984997247283055266e-02
-5.786433911132855545e-01
-5.057966532094959611e-01
6.637811069260248775e-01
-1.935414707446954097e-01
-3.019295691289511918e-01
-5.194291979564267248e-01
6.914741943222006970e-01
-6.099336621801392244e-01
6.404261905906549757e-02
5.582307687546745889e-01
4.085066615814236801e-01
5.853533276274203168e-02
8.746349197911922335e-01
1.648348896678322184e-01
-7.730904100983491123e-01
6.566959152664875177e-02
3.180264729874338059e-01
-6.586140191600573512e-01
8.332073446957082297e-01
1.692050238008646623e-02
-1.886996317300537740e-02
4.090697948405614959e-01
5.278831103592016571e-01
-5.721818877424664773e-01
3.092781303833880280e-02
8.016625440638094346e-01
-7.949250734379615935e-01
-5.505090727339054801e-01
8.616677513610504491e-03
-4.091132631234497552e-01
-2.153956848210676345e-01
-8.216018496853865205e-01
-7.958844262469224606e-01
6.404983604636991235e-01
6.067066416988895483e-01
5.280634620460833428e-01
8.642091288249258429e-01
8.293830686019076914e-01
-6.468878489540808019e-01
7.245970995444286356e-01
-9.005915267096420429e-02
-4.127822582197766543e-01
4.319431830783915238e-01
7.863180987420739232e-01
3.113136744900906194e-01
8.198504044525738443e-01
-3.710598542159233570e-01
-2.921648819984619116e-01
-3.478356055121205603e-01
5.936097862573586070e-01
-1.206706302766358263e-01
-2.175039811020911262e-01
-6.816054792199119916e-01
6.731555408249023653e-01
4.934621437634705288e-01
-9.511591359735862561e-01
8.707205200664183131e-01
-2.694258859086791080e-01
4.752384425185907091e-02
-3.722132542451512816e-01
3.016016871831292967e-01
1.345080488171630506e-01
9.751647969471126665e-01
-7.563628100124424325e-01
2.062447190159104604e-01
-9.595004511860278917e-01
-2.659137104215369973e-01
-8.502368106896269762e-01
-8.113715185527323737e-01
5.558141813162025269e-01
4.899982768716619752e-01
7.064178088534871502e-01
-6.245971752743830763e-01
-2.771881947841849936e-01
3.865383632546393056e-01
-1.265057587999374178e-02
-9.363282877313297003e-01
2.744644307022547913e-02
-4.797923756726083511e-01
-7.184313904448074162e-01
-8.004394443296563022e-01
9.636719042079144870e-02
3.908125488148330717e-01
-8.567561938895680296e-01
-4.212907637435563402e-01
9.142692726545311732e-01
-9.565596924578638749e-01
-7.695592766403116514e-01
-2.459626869188609177e-01
8.465826710749830841e-01
-6.324327201867041559e-02
5.453676644330838208e-01
3.647683513122179644e-01
-2.807233387167196170e-02
4.775028160830689927e-01
7.282760039710622912e-01
-3.897552061465527906e-01
6.088062934952367389e-01
6.622912606105813005e-01
9.221567187776094077e-01
-8.405718348345556645e-01
7.983780395672446240e-01
5.142507895115437933e-01
8.366360980052744978e-02
-6.191052711618172388e-02
-8.042770100313265669e-01
4.568135987433663558e-03
-5.285686371361499880e-01
-1.193770129981328587e-01
-6.937039758913714493e-01
8.588043342259510382e-01
-7.983299365966065597e-01
-5.207964535166573761e-01
-1.942191068939003173e-02
-9.608016259517260238e-02
1.393736289496787517e-01
4.432260805985488439e-02
3.817289532554202225e-02
3.852410263520136269e-01
-7.232247790249588526e-01
-3.621847057571820905e-01
1.625366684048978883e-02
1.498536983724128024e-01
-1.364804049490930815e-02
-3.994718678680626578e-01
-7.518763137352080239e-01
-3.988939308862233801e-01
-4.725705080536490854e-01
-3.400151096841064202e-02
3.735194838307900334e-01
6.887245133530000007e-01
3.235339211535273041e-01
4.710478486506690654e-01
1.298764427860972237e-01
7.502314476866112081e-01
4.607021729688109968e-01
-7.429660297834046467e-01
9.389819220046620174e-01
-9.804356018960946884e-02
-3.206091919028841719e-01
-6.805287661594316972e-02
-8.695181387509556270e-01
-9.132523362806685974e-01
-6.914864119164805256e-01
2.713232631354292046e-01
-1.980439643117410942e-01
9.026410661370052324e-01
-5.570426319271732929e-01
2.486692090303346259e-01
7.563867245229893843e-01
5.286226617336717837e-01
-7.419420193281014431e-01
7.980418913375297851e-01
6.245562797074475370e-01
-3.749195064843184877e-01
-9.155408769769568522e-01
-5.812893597263508738e-01
-8.445262854928288210e-01
-2.679743762919790662e-01
-1.343019848927458071e-01
5.307315700635912847e-01
3.085089078994731615e-01
