-2.816150423554610871e-01
6.173421042477527099e-01
9.241420166390315050e-01
-4.302819341248713680e-01
-5.212549219793598532e-01
1.000000000000000000e+00
8.390938999933861275e-02
9.984624160348722910e-01
-7.996633197075930788e-01
-2.107980090437242271e-01
-6.866175963231748725e-01
-8.463621905952105617e-01
5.419949101242327316e-03
-5.212003518339702879e-01
5.502806090531201511e-01
-4.357248667215847249e-01
-1.913232414288423833e-01
-1.564438908110090676e-01
-1.210309924646104651e-01
-5.413821287531863646e-01
8.280990192996326993e-01
7.469028351074371574e-01
7.605322659987863165e-01
-6.245172649739554327e-01
4.740934910894709642e-01
-6.170222126627579184e-01
8.628578245080165132e-01
-5.692347631761691673e-01
-5.548180843862993150e-02
2.802138459207477172e-01
8.972405415215076729e-01
8.666385256674959958e-01
5.944063684397482561e-01
-7.854751707593414789e-01
-4.442749089752540126e-01
7.990469764519031459e-01
7.548814290541352445e-01
-1.903430507853081100e-01
3.029498237347673095e-01
9.180033376355238861e-01
-1.842506428363610560e-02
7.479172820433188651e-01
-8.088134314953072668e-01
-5.561090432275872519e-01
-1.178330909777289826e-01
-1.373515631777899593e-02
-2.398305299159619874e-01
-6.599038842348847744e-01
5.213340860153088396e-01
-5.765966079218256546e-01
1.867324329902941837e-01
-2.427129446031623949e-01
4.083536423597267095e-02
-3.050651984756478363e-01
6.723444378323319981e-01
8.325750319805784727e-01
2.753498850960331978e-01
-7.522953099619278383e-02
5.318277449582973215e-01
-7.703880823890021379e-01
-4.486535617055285030e-01
-4.605140338565738567e-01
-8.688387357620570572e-01
-1.017951067408269239e-01
-8.772075153740324094e-01
-2.293941241977749956e-01
9.257443832070665346e-01
-8.014991911431024185e-02
7.818957637008283612e-01
-6.729307798549428732e-01
-7.575802889715070876e-01
3.657794092185380208e-01
9.177520144877326924e-02
1.125099449500122084e-02
-7.207168633949045944e-01
4.938186954727934452e-01
-5.990290818308656728e-01
-7.504508232065898454e-02
7.933319856236749068e-01
-2.508022054418370672e-01
-2.815956762360870558e-01
4.442342322621484207e-01
8.427590413542285219e-02
-7.076811121955257911e-02
-9.050914868309112293e-02
4.795555249091787431e-02
-1.227849490814332256e-01
-7.659198895514315319e-01
9.134555489812354878e-01
6.790939673622675699e-02
-2.045670946478843621e-01
-5.910849221522502805e-01
-1.418796737564245181e-01
-7.024930457723213006e-01
-2.219315005303892363e-01
-6.246630973516866803e-01
5.068933174123144703e-01
2.093689240966858378e-01
-4.363505557795868128e-01
-3.513639495122744538e-01
-4.482425551582367440e-01
1.445922925845835039e-01
5.421678094182615926e-01
-1.457700360732312461e-01
-6.470183689755284462e-01
-6.916999317509846534e-01
-3.706371619161688558e-01
-5.650024971812246388e-01
-5.626823993616583142e-01
-4.316249927528981178e-01
-8.719255677710704422e-01
-1.232273004310413533e-02
-7.254564744214411220e-01
-8.759562087688304022e-01
2.623358342073792582e-03
-1.529847270345983112e-01
5.276632675503405423e-01
-3.225153305104524470e-01
8.059815355922916869e-01
-1.845813042264943249e-03
6.093350133571493465e-01
8.307131048826439379e-01
6.947917348153698214e-01
-9.949978609669622998e-01
-2.025165407065006029e-01
2.149390748708264187e-01
7.834943033686148084e-01
1.090449051044450890e-02
-1.712359064221857796e-01
1.042272110168265264e-01
-1.874186539343103419e-01
-9.857647935587372512e-01
-4.076051466025139014e-01
-3.839450767675183229e-01
9.734724534877510216e-01
4.977337621897757192e-01
8.340856379493906125e-01
-3.558949747730286856e-02
-1.000000000000000000e+00
-8.864970879413651694e-01
-5.130035337686507102e-01
9.300265585317499806e-01
-1.703960007986020653e-01
-3.191711872531970418e-01
-5.529021463323195995e-01
5.558194681914190305e-01
-7.611809519240535504e-01
-7.119740463120638463e-01
8.916602465590219850e-01
2.716004341774946873e-01
-2.230225044358979947e-01
-6.923855439630122177e-02
9.756114146603640513e-01
-9.313986405093195309e-01
-2.324831611010422794e-01
-9.712178014498766832e-01
-6.682007610341575976e-01
-9.272782728687898324e-01
-9.158601743596186395e-01
-2.414002764324770789e-01
6.642388384663295842e-01
4.542111865347957522e-01
-1.400757015875491174e-01
7.428994867633031962e-01
-2.114271670398359948e-01
-4.278471163335564320e-01
5.454461633327917225e-01
-7.428537884339696529e-01
6.608201875710353335e-01
7.276483013236485498e-01
-2.803245104022757950e-01
-2.024929331289375967e-01
-6.033302097869928105e-01
-1.684844203285418285e-01
-6.602509620271914681e-01
6.906077256360725336e-01
-7.245424699885734121e-01
-1.000000000000000000e+00
8.763855732505263507e-01
-9.739316366321302265e-01
-9.129156464496601675e-01
8.572806517948001748e-01
6.866130103823895325e-01
9.562343864536353433e-01
-3.015659531424152995e-01
2.717372735137724149e-03
-4.111434514696998832e-01
-3.364865722016657790e-01
-7.337055394352307580e-01
-2.793458864911868567e-02
6.339308432899617429e-01
7.569976985684696569e-01
7.741620158865791801e-01
5.325833394428609591e-01
-5.470670599701565884e-01
4.592423479271372511e-01
4.593704728204706100e-01
7.401849571349827794e-01
-4.882582563152741972e-01
2.325324018864196596e-01
1.237079741927660237e-02
5.129453254315208266e-01
-8.385287234308114179e-02
-9.582049904667400142e-02
9.825521173355635796e-01
9.437298519480366021e-01
-6.695121086185711334e-01
-4.330412825958904754e-01
5.714022794604016742e-01
4.346955851359697309e-01
-6.806416123558758358e-01
-4.823286799727217744e-01
-7.722901573164888678e-01
6.563443056362918693e-01
-9.727306672137738808e-01
5.237784486069247958e-01
6.414888955653749170e-01
4.090642447715025498e-01
5.253623765657315925e-01
-9.018838725040889681e-01
-6.781417931793232157e-01
7.154917621507257408e-01
-2.302934693073566130e-02
-2.388410204720186059e-01
-7.497230784773283307e-01
-5.556210914711274818e-01
-6.924685260318361180e-02
2.316341266255657061e-01
2.485552034966231894e-01
6.055039021934252030e-01
4.721806093528289061e-01
-6.071539085192305674e-01
2.986383440591486860e-01
-9.458618604892568005e-01
1.749016185375706911e-02
7.087658558321279223e-01
2.621626040538496127e-01
9.224996947694963367e-02
7.421373149084684595e-01
6.629456670213789149e-01
-2.456593144632472914e-01
2.499448723099295666e-01
-2.141988661431062368e-01
-9.420553170771381879e-01
9.035382232813613523e-01
-9.753916907024546834e-01
2.642611618052497224e-01
-6.402556641073569033e-01
-6.162063941944976309e-01
7.889814964108397000e-01
-9.749015253387578461e-01
-2.274615222372380341e-01
6.712360852128460564e-01
1.448947866894290115e-02
1.183539151436134862e-01
-4.625815495078986483e-01
6.454264317986782018e-01
9.847450684016418876e-01
8.264048261472389800e-01
4.325786227196559697e-01
5.718059117591851592e-01
6.568540627759977824e-02
-7.103175929936544897e-02
-8.888600436121911752e-01
5.813744971382999172e-01
