3.922339024303003185e-01
-6.677163950870923514e-02
4.384627655973363236e-01
-9.991812222358653628e-01
4.704675450682018756e-01
-1.117819950323273304e-02
-8.453457844851037795e-01
3.143585110474793609e-01
-5.164774539102290341e-02
-1.741247576617983572e-01
5.514220385305623751e-02
6.071166331873995015e-01
-5.399329648728883324e-01
2.864799081200819497e-01
-8.789288957663887736e-01
-5.079516687324248103e-01
-3.534869876763584440e-01
4.575588540022610395e-01
-9.425451521185490567e-01
-7.380190807547928333e-01
9.372123582099578520e-01
-7.841413635523928338e-01
7.904909240081381405e-01
-2.652676926737886909e-01
6.633581308123952525e-01
-2.888513661980418590e-01
-8.120232835430509777e-01
-5.065591307162371493e-01
-5.583111851715685248e-01
-4.401266806964438949e-01
-2.040675455044129727e-01
9.495443032578121390e-02
-6.466807196176824757e-01
2.333859870687675642e-01
-6.874324262361348747e-01
-3.362604123113062116e-01
-9.248812479203978717e-04
3.872421517986230910e-01
-9.887573806900027407e-01
-2.802103968403693024e-01
-7.054383364582500482e-01
2.389011196087350575e-01
-4.245056073839783561e-01
8.274398807699965275e-01
-7.853713575671465996e-01
8.790994751732372769e-01
-5.950475750630981331e-01
-9.322832481759453227e-01
-1.856877670825847204e-01
-4.495203164360661585e-01
-8.189117158718717260e-01
-9.628306048479189361e-01
1.845294461803210773e-01
1.589827765729279196e-01
-6.081634164919733632e-01
-2.516800597943471551e-01
-7.403054754483455735e-01
1.349733202470426718e-02
2.823917200312340281e-01
9.336341296303196646e-01
9.883327762173199638e-02
1.158221480237275891e-01
7.540165048306597395e-01
-4.198410951356625898e-01
4.892644831355745794e-01
7.758642962976161073e-01
8.818023609886440628e-01
6.459151426051985556e-01
-6.899858164432393082e-03
-3.275066893944877933e-02
2.372000240320262243e-01
9.071037238017527482e-01
3.353472351843620469e-01
6.075833267179067132e-01
-5.482516326235651327e-01
1.431619820572844759e-01
6.247590632968418323e-01
-7.267255850696985320e-03
-9.525069285754976800e-01
-7.187099267521988022e-01
6.308000405646987385e-01
-6.681413845994748080e-01
6.498312352798096825e-01
-7.735929996243744444e-01
7.247591459812194881e-01
-5.489166706988719835e-02
5.091483558516010088e-01
-6.289003242249762149e-01
4.924868896967318221e-01
6.654916822030321200e-02
9.296279833918874580e-02
2.071223318356427701e-01
-1.326439760912574428e-01
-5.074708918394195134e-01
7.319154370989653380e-01
-6.822973420161047020e-01
8.516595238659248057e-01
-4.963333831609746394e-01
-6.819598154102735066e-01
-4.147676733118377257e-02
7.494323686144961361e-01
6.709406490584901572e-01
-1.890485002764941136e-02
1.559710913107172914e-01
-8.744183127731961491e-01
-2.305120223285253012e-01
4.722514697157378927e-01
-5.178527535594734665e-01
6.448001453793923421e-01
9.282589849429518924e-01
8.143249528919651592e-01
5.836214376138924020e-01
-1.740696611032332974e-01
3.741543624699199544e-01
-2.965637611551940611e-01
-1.436467124222227110e-01
-2.674741997288139217e-01
3.983211212816142321e-01
8.442778845245741959e-01
1.954777955914146492e-01
3.673916625458188978e-01
7.052241087815407372e-01
-6.577074346718780884e-01
-3.943386668058437294e-01
-5.246375169446488851e-01
5.037663217045362796e-01
1.725192788023990342e-01
5.270301628649975978e-01
2.287371479190898338e-01
-3.244685164312479664e-01
1.483229843246902657e-01
-1.847680100850457308e-02
-3.999836428354137663e-01
9.046427789729869495e-01
1.984509837066172899e-02
-7.387629564685833650e-01
-6.524523503548895764e-01
5.348954799411107519e-01
9.095236083424680373e-01
-8.260113848571024597e-01
-3.439195867505011606e-01
-9.234100539693081977e-01
2.170563242847796392e-01
7.884470412962176766e-01
2.763642241976389524e-01
9.295941274682295585e-02
-2.966246213806127963e-01
7.621185828462901934e-01
-8.222999559881243314e-01
8.866774468433198386e-01
8.510361399042807307e-01
7.332931787904484189e-01
9.136427723540774259e-01
4.170715633662925304e-01
5.862986122255300359e-01
8.833077403259943505e-01
-9.470879855940017578e-01
-5.928663739081722062e-01
4.676064372119643764e-01
3.591284285787001984e-01
-2.146102310308652950e-01
4.960593632898681049e-01
2.696605565932193027e-01
3.824890336100164046e-01
8.533613934829149539e-01
-5.547218578475423545e-01
4.488549269861261681e-01
-4.932368364972068431e-01
-6.006425530055252704e-01
1.419800754975224510e-01
1.200434707699877257e-01
7.107208541235912058e-01
8.312552387998887182e-01
-7.275219243513901812e-01
-3.263854402048844694e-01
1.748848317656888085e-01
8.587703636117671735e-01
5.890461175778560765e-02
4.605906944788473734e-01
-6.626127175822804638e-01
7.086095122946610703e-01
6.023544305178583080e-01
-4.636949036407156388e-01
-8.775091540241026777e-01
2.491768064322661402e-01
9.935880655088182856e-01
-7.934165082900463961e-01
-7.607929460828117829e-01
8.044778303945787634e-02
9.518551938554664638e-02
-5.145754577829775300e-01
-1.953761583723379047e-02
-7.138754648612535281e-01
-6.628217241194065412e-01
-3.177944638211902539e-01
-6.411786049018930456e-01
-9.673187231231228367e-01
-2.330665194260062023e-02
5.735665476754769898e-01
6.087893446456698054e-01
8.020879532443877524e-01
-5.578477509375052712e-01
3.746816562723489508e-01
-5.718938493352054842e-02
-5.202841782020117822e-01
7.559654292098094697e-01
6.834171125858465867e-01
8.216715672594945286e-01
-4.568756763066879056e-01
1.871649452486812137e-02
-7.113397587973773195e-01
4.636950390514169573e-01
6.160649497103518613e-01
8.450988629838449007e-02
-2.965251223391289770e-01
3.448707291517545404e-01
1.394093778451941379e-01
8.594719181161378785e-01
6.504634625993772623e-01
7.272080328985985886e-01
2.647879306845046798e-02
-7.662148587605028816e-01
-7.714268838697377895e-01
2.631010818057744061e-01
6.188896043203377939e-01
3.633137289810373094e-01
-2.913293855341048122e-01
9.311656933173823036e-01
-2.003976924334320842e-01
9.369768649633607449e-01
3.846248133805141300e-01
-5.985455238626931074e-01
-2.251295692976742480e-01
7.630941683001934983e-02
8.218885341251724874e-02
-6.964457086455222434e-01
-8.993735780592664319e-01
6.293884796204072263e-01
1.925451056376792369e-01
-3.143784476207953649e-01
-7.949105352747138920e-01
-4.854397187038375083e-01
8.473084718308541152e-01
4.464480298291764182e-01
-5.502653528008591977e-01
-1.568762383948156813e-01
8.300344185390298168e-01
-3.539112104813433302e-01
5.824511495699020713e-01
9.868218867724234400e-01
6.056700940418791035e-02
5.375877130168789098e-01
6.332253620337828792e-01
-8.485775782096929287e-01
5.381395887217246266e-01
4.490080973740973036e-02
-5.123751507466069999e-01
7.940843432012048009e-01
-7.855412954531015846e-01
-8.330598702911763687e-02
-8.440899446533023376e-01
-9.165182501923843095e-01
-4.067635438689887195e-01
-9.060969360022985697e-03
-1.971654934484130539e-01
