7.500412765508306379e-01
3.794282648104274069e-01
3.653987733056078824e-01
-2.883677723961364237e-02
-6.443868636050145149e-01
-2.337317441779227511e-01
3.155772645567549439e-01
-6.273362501790629153e-01
-3.620594446572820146e-01
8.931760194468694181e-01
4.190272468501536896e-01
-3.187636909372220106e-01
-5.511975483695901179e-01
9.164557729016444831e-01
-8.445723783392327100e-01
-8.068217765926535279e-01
-6.112979023198725770e-01
8.678746263957950458e-01
-2.809580909495421608e-01
4.533250287087398078e-03
-4.943569140392474193e-01
-5.896964180974522129e-01
-2.593904313025601205e-01
2.708685307573133194e-01
-7.901454219042991500e-01
-9.234007898079295007e-01
7.073949816910840571e-01
9.722586420719205869e-01
-1.493235197987243801e-01
7.497891371339047151e-01
-3.068578302935896507e-01
7.155459104427039918e-01
-2.765847853036153547e-01
-1.230311517070521443e-01
8.374577662413167367e-01
9.397088929986570083e-01
8.762104674503132795e-01
-5.570864309157537164e-01
-2.131096281146541427e-01
4.459324702699511977e-01
3.795638260084281956e-01
-6.911761605369490802e-01
-8.902316166615393822e-01
-8.869748723637309595e-01
-5.229047589458364342e-01
8.389043860722695811e-01
5.119699911028419148e-01
4.629786523432695144e-01
-5.968567909076789579e-01
3.847180043359761381e-01
-3.618953675122786873e-01
-5.086823787071921288e-01
2.535277480787299087e-01
8.382348003776136647e-01
-4.661793859014409236e-01
-8.881777887295261298e-01
-7.803792535773486083e-01
-4.541769897135210510e-01
9.631580696338226666e-01
-6.810293083288117000e-01
7.042291064356376307e-01
-2.076043321887857118e-01
6.320794048254472219e-01
-6.539482237531126785e-01
-6.267325360915358967e-01
-8.833680774078560560e-01
-4.906777785935894087e-01
3.935977241171904062e-01
1.014435224854444151e-01
4.753280706499540820e-01
-9.635740397190033502e-01
-3.702191406232837600e-01
-8.759739921587654798e-01
5.370942379317567017e-01
-6.389951231496260320e-02
3.102377021169353544e-01
-4.430996794090271695e-01
8.353639942429222920e-01
9.246734238780167647e-01
3.593386080948679506e-01
3.061280198528004703e-02
4.579773940846780800e-01
3.055246020123998374e-01
-8.129713994023533008e-01
4.417490770260874555e-01
2.669291990969280270e-01
-4.216642067175164765e-01
-3.879209937535748054e-01
-8.364956938582515100e-01
-5.543157308655355386e-02
-5.870903711654174018e-02
7.908329427118776511e-01
9.629749371336138175e-01
6.466052994852904412e-01
7.542699204877487684e-01
2.959446240990946109e-01
7.602003345971104498e-01
-7.725967656635925884e-01
5.452676264996674238e-01
-4.149512235121559645e-01
4.617316596196656686e-01
5.766903538781775751e-01
3.690672824575003119e-01
1.398258762089468199e-01
1.774387925546840883e-01
4.293696582816526330e-01
-5.143212410560127346e-01
-9.219457371391948097e-01
-1.237613426759742730e-01
7.877758511824148879e-01
6.440766581039787386e-01
-5.254797835218885105e-01
-5.488944983338301942e-01
8.184659173153379097e-01
9.143969149539905583e-01
-1.474587058605592027e-01
-8.898421024526168566e-01
8.413617215051441001e-01
-9.667595494353160568e-01
-3.595355175435249739e-01
2.764632908116981813e-01
9.060603674750322689e-02
8.974630444204998447e-01
-4.985152886850783283e-01
-3.083511410688655197e-02
7.650302298405322610e-01
2.001548301123032836e-01
1.221258095284663003e-01
-5.805716610620954565e-01
2.724548092541902999e-01
2.089786925156487118e-01
7.042220881471124017e-01
3.702163863110952136e-02
-4.353359604547784034e-01
-7.061991275904322407e-02
-1.671507730954320259e-01
-2.263783510491759188e-01
-7.458400617195743987e-01
-2.238251599577629758e-01
-4.946417598767900436e-01
-7.829176364609682359e-01
-5.087066823362995649e-01
-6.755909920672191760e-01
9.639458209841134106e-03
-7.391189785326874873e-01
-6.734292973161162266e-01
7.943136476046979144e-01
2.926361304408358066e-01
-7.672172477122887191e-01
-8.758472551709592935e-01
5.585743163716364590e-01
-5.593970199026874202e-01
-4.092114339827912506e-01
-2.313172325749648373e-01
-2.919190478783788567e-01
-9.514022983822210122e-01
-5.821986023143062017e-01
-2.019707052169170680e-01
6.221772828414251499e-02
5.873134160501725098e-01
-9.770728731614382045e-01
9.906539946289507625e-01
5.671276047790088093e-01
6.779189033854475799e-01
-1.631537879557325432e-01
6.738695230788307455e-01
4.874712152999474135e-01
-7.271384653135226639e-01
-9.104099757844466012e-01
6.515620102855554929e-01
-9.282241658909693438e-01
1.365302550672082837e-01
5.266745444088538619e-02
-5.726414037166160931e-01
-6.743573705807137664e-01
9.055279098179691566e-02
2.412688793167021561e-01
5.871951826431873744e-01
6.241073576412237145e-02
-3.219236179875288872e-01
7.997884746535026679e-01
-2.577104228550772813e-01
-7.201328837605092126e-02
-7.845250481991641323e-01
-9.011364721125676436e-01
8.364204300373918599e-01
1.049374126676059227e-01
8.552881466239541375e-01
3.059475928271000456e-01
7.388905016788882563e-01
-3.995054780126339189e-02
-7.433959594379184743e-01
6.427894649694732010e-03
-1.609701339169333778e-02
8.327914946720518241e-01
-4.219325637303086296e-01
-6.036414526715205842e-01
1.780884455418205725e-01
-2.837575796904936443e-01
-1.427653515893361202e-01
-4.579595852571605175e-01
-3.369780686131202962e-01
-9.038479689805940520e-01
-4.072492821442224020e-01
3.115186271085637060e-01
-8.190794351914227889e-01
-9.755774746387932961e-01
-4.244436539988778456e-01
7.487850446905535140e-01
5.497296241836757691e-01
-9.458263421055832509e-01
-9.598149694919786423e-01
5.373497416284804817e-01
3.126114790685134981e-01
4.421390074104263324e-01
2.854084766562796638e-01
-3.445060857334960591e-01
-9.078579476447798946e-01
9.032455735170257238e-01
-6.632728939736958207e-01
-3.037668676105826915e-01
2.114549558222793557e-01
-5.658558308407566351e-01
6.588696704744863020e-01
-4.021820281464387747e-01
-4.956438859476823833e-01
-2.361530101259061709e-01
2.963873493153819094e-01
7.200413829312979352e-01
-1.670645832576900247e-01
3.880541202316365457e-01
-8.791810004949682789e-01
-8.438997237196754764e-01
8.582697545836908137e-01
7.744389540298826091e-01
-9.677942358997262406e-01
2.145777303514133649e-01
-4.541571748552908350e-01
-2.006388616726118013e-01
7.201410982609588451e-01
5.744504875743581263e-01
-9.794916993100954983e-02
-9.535770545042410173e-01
4.970122146575335353e-01
3.568121820864902372e-01
-6.982261627052726016e-01
-9.097159475378315818e-01
8.146189241979160389e-01
9.415928612447090895e-01
2.152063827820240860e-01
6.810983870983577937e-01
-7.127649003240630332e-01
1.135327841926976333e-01
3.515514175659670837e-01
9.580961521785049673e-01
1.452456255124443540e-01
4.220598134086472886e-01
2.953105776392166426e-01
-2.699860499039894446e-01
1.751349522803575809e-01
-6.235844927748628308e-01
-6.846498099175215568e-01
3.731868880535178512e-01
4.037619920901014403e-02
-5.120141053184068536e-01
