6.914656347402224901e-01
-9.560976760478949732e-01
-5.108512779333571618e-01
1.110189291066772110e-01
-2.517076486140183977e-01
-5.998049857729630396e-01
-9.483254012854294146e-01
-7.156426135755815654e-01
-4.433812551678060210e-01
4.640769755237259542e-01
-1.414619799852316895e-01
-7.806352374361043012e-01
-3.825252590700478628e-02
2.461320253584589057e-01
4.867144135804006844e-01
2.157806240678712406e-01
8.795917453099764138e-01
-8.685570564053419762e-01
4.941353164081714322e-01
5.295048075244455088e-01
-9.145732527403138690e-02
1.407586096563149258e-01
-8.995875158944430794e-01
3.082887799433593479e-01
3.611469970684295649e-01
-4.625157027715185443e-01
-2.718621196884989377e-01
9.399010488044954315e-01
5.886363550521978016e-01
8.750502956176648972e-01
-3.719966452686160885e-01
-8.574924352822768103e-01
-9.012774020002216613e-01
-3.920651037883504664e-02
-7.008412854678012227e-01
-7.366879651773052817e-01
-7.010886078500637719e-01
-6.074103489568538627e-02
-4.474826511071463564e-01
1.037220832853527064e-01
1.000000000000000000e+00
-4.258312323332709148e-01
-5.865251351746381125e-02
-8.499546754420899131e-01
-8.725703116397578452e-01
9.226234884432051864e-01
7.586958641167780293e-01
-9.237819926791372982e-01
2.729023309631404270e-01
5.978433147122037550e-01
4.454465723659470910e-01
8.891949868477808661e-01
8.059119500563372007e-01
2.834164229311966210e-01
-7.132895709075803836e-02
2.330497348667304180e-02
-1.180976621353120315e-01
-6.653668465186959313e-01
6.100040897663960848e-02
6.170073760924879025e-01
-7.337774117520621253e-01
-5.805999370631251821e-01
-6.193167195849318407e-01
-1.709127954313272024e-01
4.874937370298398354e-01
-7.326480766747982543e-01
-4.739356324253087838e-01
-8.247871310541934342e-01
-2.377056205305143610e-01
-6.704100165567816738e-02
1.527337373079222793e-01
-3.557908230403650229e-01
-3.684115032769726961e-01
9.929226035156177854e-01
-1.621256008304747809e-01
5.206260444592841763e-01
5.139159106317536807e-01
7.908127553122790143e-01
-1.972596145032192716e-01
9.330928442601622574e-01
-2.548829353191721658e-01
-9.056350076286430184e-01
9.008343552869568782e-02
-3.650437574587630518e-01
7.482404109965956618e-01
-2.304834358140404049e-01
7.512722701329501707e-01
9.277101041814723725e-01
-2.557567320681797263e-02
-5.821859943614056121e-01
3.347305209439527252e-01
3.442207979804283724e-01
-8.007296888257342538e-01
-9.210629403931807069e-01
2.903259796914872126e-01
-8.079599117177516110e-01
-6.747742999010868381e-01
2.075377283956864605e-01
6.898650563268926561e-02
-5.197148156549402653e-01
-1.144920387784154059e-02
3.973158857942420408e-01
-4.757721892161035360e-01
9.866564706288929454e-01
-3.057959774021203891e-01
-3.803948172800923899e-01
4.812477072395762168e-01
5.975907309391439437e-01
8.715706158008675875e-01
2.055597930908168447e-01
-6.782433554582936175e-01
-7.231984571918028681e-01
-8.552948430551126080e-01
5.473291721531878817e-01
-9.132834522703690006e-01
6.427981052265796524e-01
6.453135738935784627e-01
4.775626782344353227e-01
5.216618913758561682e-01
5.718455919906660911e-01
-4.801375680401394064e-01
9.725467151816531430e-01
-3.725412628975302010e-01
-1.867275928700804499e-01
2.369022975808221521e-01
-4.639909059617592924e-01
1.931474135617354815e-01
8.763650174940361692e-01
2.733997057354671245e-01
2.296949044638747495e-01
-8.088593471557425918e-01
-8.092753663672837272e-02
-2.611781804492334658e-01
5.250626397061679551e-01
-7.706860404033388789e-02
7.212185850820478361e-01
-5.981545220059987233e-01
4.281510960750829486e-01
-4.957125004928328860e-01
1.984719684625362301e-01
-8.563578492420418353e-01
8.609925353466978404e-01
-9.230152900915740144e-01
-9.615570579952235075e-01
-9.518162609517577533e-01
7.458158697761836375e-01
-6.910772219990965470e-02
6.873668520990539044e-02
-5.549402938874541391e-01
-5.689420855292859347e-01
1.378384788728510557e-01
-5.993755494348307344e-01
-9.940377134533713299e-01
7.129181885076680825e-01
-7.482547457455772655e-01
3.058226766278393516e-01
-6.097141375087233861e-02
-6.193230491691137374e-02
-2.015894800866857572e-01
8.901590120224800451e-01
1.832077515673717905e-01
-2.379819032659216127e-01
-1.394720701062790169e-01
7.017300135384558768e-01
-4.683439367065267422e-01
9.825301994978585807e-01
-9.310998822047604762e-01
5.543621862249197285e-01
-3.053840061494108582e-01
-4.725430635824678927e-01
4.968367819247345718e-01
9.193446829977256485e-01
-9.774272006844493266e-01
5.605828618675596786e-01
-4.525573780014997549e-01
-4.245950832317697543e-01
8.796139148404318320e-01
9.083650549148900577e-01
-5.767962839910623085e-01
-6.959009905434192511e-01
-9.069325408469053329e-02
-1.124764144788783504e-01
9.848379954645052337e-01
2.788697045921422202e-01
-7.658446581502689199e-01
-4.039815116100127224e-01
3.588824741482556924e-01
-1.217776906293281947e-01
8.270153551809547032e-01
7.104243232704317290e-03
-7.420486435923192570e-01
7.219429029956797583e-01
-2.019717777946361537e-01
5.206863595946356060e-01
6.159556895818156796e-01
7.717748031508210073e-03
-8.437151059500820338e-01
4.197065214989592619e-01
2.919770919725401814e-01
-6.521066573301541602e-01
-8.769000420069956725e-01
2.775505812355982815e-01
-8.395380321939591717e-01
2.100367897183152976e-01
3.073830904269220787e-01
3.158696607593136640e-02
-3.875433616922996372e-01
6.300948320175978612e-01
-6.464128375413209504e-01
3.662749456767053768e-01
-4.629264377126882657e-01
-5.170715893555752896e-01
5.210173402452793479e-01
9.030259607753841067e-01
3.286838268916869588e-02
-5.661667083211356921e-01
3.728555895651406438e-01
2.390766045239144100e-01
1.315495470985934556e-01
1.157501142259145244e-01
1.656507338307877664e-01
8.434143440482744225e-02
-6.128926954261117166e-02
-3.698366282620324519e-01
6.416624002681081684e-02
-7.131588823332393190e-01
6.722319957246503108e-01
-9.580573777256224943e-01
1.478136898280801859e-01
7.515794417006860240e-01
-7.299663644158167486e-01
-5.613835536744933297e-01
8.643254169781586782e-01
8.173473492232734561e-01
-1.790932176168416046e-01
2.026785083609667915e-01
-4.711636985274954004e-01
-8.810285456067767917e-01
9.812004364224080621e-01
-5.063082620791603539e-01
1.823299714586124054e-02
-5.375278418802889036e-01
-6.497153080789010993e-01
1.572040835600836406e-01
5.423970110497251529e-01
1.511988950493354800e-01
-8.775383101540981112e-01
9.024671299156401538e-01
-8.288256445062947009e-02
7.837609113870334099e-01
3.423504741885015079e-01
-6.223270785394514615e-01
7.023878705352084584e-01
4.555132384867091044e-01
-2.997056216463396261e-01
-9.441896608991640072e-02
6.511154227057671662e-01
6.599607441681528686e-01
3.320272141691742451e-01
-6.662519931079402546e-01
-4.629064679337189236e-01
-2.142561391391417658e-01
4.741280303846329147e-01
-6.315080299303588163e-01
6.440742305827629188e-01
