8.293312484150572317e-01
3.682811926712892259e-01
3.433285548326472369e-01
-1.334722000716306312e-01
-9.072966494060052955e-01
1.921059350145057909e-01
5.652077229709009387e-01
-5.834005493071350301e-01
-8.192863956618137156e-01
5.226433895097879478e-01
5.743108343066722909e-01
-5.585016875443999940e-01
-7.933485051567246149e-01
-1.533823197377119918e-01
-7.127089098551051549e-01
6.167207632284705809e-01
8.101305636972062629e-01
-8.601856763434172493e-01
-8.927695500459873479e-01
-2.061638712572226861e-01
7.051583170320101512e-01
7.462130401539561753e-01
4.261329480858517815e-01
8.483750490204025052e-01
-8.750233175398522967e-01
4.010348616674768163e-01
4.778013842462319194e-01
7.885326140205506373e-01
3.045273801328074459e-01
3.692115337672112196e-01
-2.951365519221917921e-01
9.404977141329862178e-01
-5.181640100991600217e-01
6.117231871888617611e-01
3.308615759622225427e-01
-6.573091701064150971e-01
-3.115115350966910501e-01
-8.919511966534998670e-02
-6.168195755126757440e-01
-4.541873131711189338e-01
1.991171620186404922e-01
8.999514216735033934e-01
7.575972071979093503e-01
8.222151314307895031e-01
9.519820268706415956e-01
3.710721773025371650e-01
-3.274366866445788116e-01
4.304015814071864288e-01
3.566783516661025111e-01
-7.112732978364681991e-01
9.499370415875891815e-01
8.543866856861397352e-01
-5.737909426107430377e-01
2.828436710568000834e-01
-9.982358073435613210e-01
7.429450015659067041e-01
1.556541722163852226e-01
-7.671910086246702676e-02
6.194095672198116631e-01
-8.749479287207964084e-01
-3.497167492520432130e-01
-7.927421392602551631e-01
4.895152804558162707e-01
7.344972349639098397e-01
9.238588766246891293e-01
3.631746377738305220e-01
-6.019540825785525406e-01
-4.318018331288708822e-01
-2.707219337017399141e-01
-9.153345324336195077e-01
-8.102221582784865372e-01
1.075902980561740385e-01
-1.648374146631796933e-01
9.273744253233739965e-01
-1.356454982199783998e-02
-4.702251636285066372e-01
8.053381398992358609e-01
-7.345728195980301134e-01
6.691272920551506465e-01
-8.869209944305245230e-02
3.393182807329651052e-01
-4.981940617202245125e-01
5.600213123347079769e-01
-5.692548393939553808e-01
2.034486602900245078e-01
-8.276933173485478967e-02
1.893634376785835460e-01
3.694057756548838611e-01
9.307551411084085125e-01
9.346255870700863611e-01
8.527491210249222853e-01
5.922484789598083665e-01
-5.042413877194040772e-01
4.313920781538089777e-01
-6.093852941526134437e-02
5.549290873716710148e-01
4.605229553731924330e-01
1.925208809059730797e-02
6.661457090326527997e-02
9.124889097160013840e-01
9.790570703424661403e-01
-8.379252831027812487e-01
4.229016259357920582e-01
7.687355484645275183e-03
9.850732272944577872e-01
2.023101799924562627e-01
-1.262356075286954482e-01
6.711609027659992677e-03
1.596052118851072343e-01
5.524473263183016236e-02
6.414682483263542956e-01
-1.850715085721279518e-01
-1.292245817882016201e-01
-1.931513838000653571e-02
1.867075129588591231e-02
-9.691185049743951119e-01
7.494858760820275467e-01
-3.310891828400692738e-01
8.018301492357247096e-01
4.995858821299714592e-02
3.349114767536551796e-01
-5.910219901484414784e-01
-9.342374903312593570e-01
9.124112815799523268e-01
-5.803638440459679693e-01
7.239962980433212181e-01
-6.159211728266382746e-01
-7.711373133687902115e-01
-5.450114641570225071e-01
1.284107878573137462e-01
-4.736476427541380652e-02
-8.061422046609278969e-01
8.701153801180063763e-01
1.000000000000000000e+00
7.093727577589798994e-01
-5.229664367937878477e-01
-6.653594199182215618e-01
-1.385799459007908130e-01
9.718451507011354185e-01
5.143913344703365809e-01
6.070475430307831211e-02
-1.712550667793337755e-01
2.338242504970278191e-03
-7.703804132800300408e-01
1.779916336095865859e-03
1.256831965521907346e-01
1.499645352350422733e-01
-8.115469556483814184e-01
2.558680743305297156e-01
6.264515476167442642e-01
-5.741849309941045032e-01
4.564139348311213595e-01
-9.871729810059217680e-01
-2.129541260606546693e-01
-7.804907261145226371e-01
9.600476769164034696e-01
-6.554391554838661094e-01
-1.893854026939654212e-01
6.229466641835292862e-01
1.453275420586801481e-01
3.836158026892653172e-01
5.035332212791998607e-01
7.937977466327721388e-01
6.370547095231517964e-01
-1.712700729893532614e-01
7.341001321416822378e-01
-3.548812029440047144e-01
8.213771808233270022e-01
-9.730624885409380198e-01
5.776711125648612555e-01
1.684510187902019673e-01
-5.315856974012578284e-02
9.724433839793225065e-01
-4.296498904536736330e-01
9.418545383496716994e-01
1.154912165316341888e-01
-3.615255676224915504e-02
3.137885172719714344e-01
7.903782851052729708e-01
-7.936808021048169515e-01
4.135282235380925986e-01
3.960994035580929218e-01
-8.124452748905417465e-01
5.882913473034057095e-01
-9.145998618747963604e-01
9.512449363383996825e-01
4.192814141394634042e-01
-9.920261623306834142e-01
6.408967693651544950e-01
3.620028261933017077e-01
8.060610829948131606e-01
-6.569639301429248679e-01
8.569152703022584472e-01
8.486896246525774679e-01
3.843482447050594608e-01
-2.843977343462187335e-01
7.851446761315641343e-01
7.528582268476924355e-02
8.595909400609946793e-02
6.219475667464720026e-01
-7.444312651496991506e-01
3.086098802696164434e-01
-4.763733929007047951e-01
-7.937185558934578555e-01
3.513681869453378348e-01
-9.561227777901395442e-01
3.691317376968319408e-01
-5.009376929715663174e-01
-9.455653580504794764e-01
-9.111807798095061806e-01
-6.156327137216084378e-01
8.327537827077240440e-01
1.696407309772125505e-01
1.980123362922876495e-01
5.803544654628176591e-01
1.807225382100852151e-01
8.849366896577155472e-01
5.510582363062823674e-01
5.961359317363177368e-01
-2.001805390898514503e-02
-6.085895427069611952e-01
1.777539219539294724e-01
3.097537257652960285e-02
7.413742610881108863e-01
3.705804124713147907e-01
-8.449127415115533779e-01
4.348048832115063433e-01
-6.555506960003800732e-01
-1.072333383622003922e-01
-2.219672750583892018e-01
9.142449879637681853e-02
2.705377686359808909e-01
-7.936688273839305197e-01
1.699701341918811170e-01
-2.330402558479625075e-01
1.629501765165894955e-01
-9.154181427093988077e-01
-4.360503786130931481e-02
-2.037847689807683604e-01
4.519293011459344367e-01
3.340824385436826915e-01
-5.499601780519203231e-02
5.372394939017873794e-01
-1.670525108580067641e-01
8.556730446498579390e-01
4.688187657776281547e-01
-3.659944206110972154e-01
-5.662716404432757145e-01
-3.054742566496523870e-01
2.986447843383617240e-01
1.107845524018491457e-01
9.305170753225344704e-02
-4.062768732270611860e-01
-6.539104670924877905e-01
-7.312679403742952111e-01
-4.646835488717164786e-01
9.208776431701133358e-01
6.938856454564736875e-01
6.284701071709464237e-01
7.053368138584030778e-01
8.080691435042068882e-01
-2.839084166781113971e-02
6.616810439116946885e-01
-1.820438501406380638e-01
-1.345556104977647660e-01
