-1.457611753986620684e-01
6.530597032997875750e-01
-2.253690336470179911e-01
6.492836585963901452e-01
5.668174716775208344e-01
5.626637261110243315e-01
-9.935113781799185251e-01
9.228196380032385182e-01
5.203679957012197210e-01
-8.273739727675692990e-01
5.893640574498910656e-01
-5.494468672442127666e-01
-6.558264807285882902e-01
2.760413269060151276e-01
1.900120551168364147e-01
3.478793898074792335e-01
-9.127959858217016276e-02
8.094549138398112742e-01
-8.043493971615547355e-01
-2.440120569719113064e-01
-3.625436453061503528e-01
1.460160892840998148e-01
2.492362926009512591e-01
7.028169112504514260e-01
1.048484383855570190e-01
-5.356745429117699686e-01
9.309573483710187336e-01
3.830274905365063098e-01
1.084615475147958641e-01
-8.019775944314082583e-01
-5.666878903486853858e-01
3.417048564071574202e-01
-9.274006763911293305e-01
-7.004578293722296678e-02
8.479365434878283203e-02
9.127979488976956102e-01
1.238458392314911727e-02
-4.524475343025504692e-01
4.258517778865187342e-01
8.439454015918452789e-01
-4.253773078375420180e-01
3.087601073583425837e-01
4.066666472084465855e-01
-8.606043272306900249e-01
1.359092024622841066e-01
-8.450801256501909720e-01
4.434033498372158544e-01
-4.731171044006523552e-01
7.903087782111610782e-01
9.881249673295549041e-01
-9.322174729704626461e-01
-2.098200529160134664e-01
-6.553102999147366603e-01
5.624677611073378714e-01
-7.652449681721495978e-02
-1.076455099446693708e-02
-2.615670977321975510e-01
8.532715255504461638e-01
2.333665632162640335e-01
-5.813864725543789191e-01
-4.994331646361414023e-01
-3.711200660175457688e-01
-1.905699676755743255e-01
2.539646664277602217e-01
4.656842566333418976e-01
-3.719025770138137954e-01
1.883162324573783852e-01
-4.879124695796355216e-01
3.411118125012153612e-01
-9.136419639345854105e-01
2.975233671414025949e-01
-7.569107612754559788e-01
5.861906351552911287e-01
3.209031295379034532e-01
2.977914055755532807e-01
8.434680565862984203e-01
6.382769256098641542e-01
9.496587990552438630e-01
-8.285411490330250039e-01
-6.599313696826345499e-01
2.510368680039773981e-01
-1.929599317101304834e-02
-9.790418317570435125e-01
-6.874805892644806349e-01
5.903542878193575039e-01
2.182617107228848052e-01
-3.985707159128026866e-01
3.137125071942481469e-02
-2.144079983499831421e-01
8.512230294685239063e-01
5.178591801535670225e-01
-6.818298489023677522e-01
1.000000000000000000e+00
3.463327877679106548e-02
-3.349741786644428454e-01
1.295257736561286066e-01
-5.939207319513211125e-01
-4.499812334931647673e-01
-7.718758941519473504e-01
5.923334609828310171e-01
6.157563863386110725e-01
-4.250173053703383275e-01
8.872006328187962421e-01
3.535326522910897662e-01
2.985285348322840315e-01
7.595808731568047811e-01
-8.283739533019056633e-01
9.745207592446281097e-02
-7.353123459640591442e-01
4.901416974361570422e-01
-1.584167979530981540e-01
-9.278959940919080385e-01
-1.511467424185330977e-01
-4.078996994089911787e-02
-8.569523402745737872e-01
4.973516593638396266e-01
3.194854509225053540e-02
-8.045043789958388203e-01
-3.000027332521859602e-01
6.460891396380410434e-01
-9.593617484757468450e-01
4.120385737098875012e-01
-9.298812104372686793e-01
-3.611016446382249168e-01
9.731467337833723530e-01
6.554190843510092623e-01
-2.741064289113543939e-01
5.027121198841670857e-01
4.871977930288153846e-01
8.655237588788637915e-01
5.898296946430190424e-01
-3.699570072073235516e-01
-8.417166084626661604e-01
-7.908945982949175946e-01
-1.693694446095581618e-01
5.891122716064692844e-01
8.635463665591223137e-01
-9.820568701403433742e-01
-9.166276633991159439e-01
8.473663178502957027e-01
-5.966391517236728781e-01
-9.702743431060087964e-01
-1.757015589486918827e-01
-9.846583720542817497e-01
1.921859515762891490e-01
4.823451970636090103e-01
5.480246380607631806e-01
-3.032594772790524473e-01
6.476350891817173050e-01
5.249865008959737622e-01
5.201119833943024240e-01
2.844011985357219885e-03
-8.176182053212133205e-02
5.883641284804093097e-01
9.846450453924735502e-01
-2.326958366531666211e-01
-9.615983232966618388e-02
-5.130506764527906771e-01
-6.215840399476710854e-01
-2.966223249625283831e-01
1.828281527507358284e-01
5.963288378438453829e-01
6.052287661516623229e-01
-8.102647417694064380e-01
-7.533315480451077129e-01
9.315495252956280670e-01
1.164913314051669868e-01
-2.129781026406796229e-02
-6.656511263487214780e-01
3.551766169703913789e-01
1.324895009649371680e-01
8.081857731594284111e-01
-7.205827497607129040e-01
1.170580417427783404e-01
-6.572367484223364809e-01
-2.672483745732792126e-01
-7.111043716667553305e-02
1.529619845570042713e-01
-5.581039610611944202e-01
1.526684589897264743e-01
-3.396048518076395517e-01
-4.741416393828421505e-01
-3.190170778257064299e-01
2.089470646242024693e-02
8.984942973886504980e-01
7.072264422391583150e-01
-1.167601253753680762e-01
1.133778386280093198e-01
-6.038466720067348081e-01
6.623988253454471398e-01
9.049566674407243383e-01
-8.814251923248495046e-01
-2.489784058429236335e-01
-5.381909644046267704e-01
-9.620455979332993568e-01
-9.864542333134385110e-02
6.248947622018401482e-01
-1.274154193685628211e-01
6.998603911316101378e-01
2.246461547092737376e-01
-2.651195090548104094e-01
-9.788994051595594215e-01
4.004003429035984940e-01
2.529971274930267189e-01
7.154435204061770914e-01
-3.483574385349288427e-01
-3.096530239628103587e-02
2.619121715685024734e-02
-3.508605577757817340e-01
7.624121329661566193e-01
-8.627150779582961615e-01
-1.543058760351461167e-01
1.000000000000000000e+00
2.860919261704106820e-01
2.268595207027748195e-01
5.393518926054705620e-01
3.517888058045448574e-02
2.947162872749662377e-01
-4.678981790442278133e-01
3.959718921077723941e-01
-3.681575169968596128e-01
-5.380601109736993237e-01
9.397657631373039777e-01
-8.125615373301284805e-01
-2.851597491598663048e-01
8.693933263598996319e-02
-7.325423340704919628e-01
6.955079729267175104e-01
9.751515049590444573e-01
2.987019573354302016e-01
-5.316565811724450752e-01
-6.363584128257322448e-01
-2.302845745113004661e-01
-2.639058145122972210e-01
3.063668151904108683e-01
-7.314483064699215387e-01
7.935257765751484449e-01
-1.298596637095756900e-01
9.565093766020831278e-01
-3.186264601656128015e-01
2.294638770929844362e-01
-3.121272005864459409e-01
7.878310942044164378e-03
-7.407898299940021136e-01
6.472219159014380718e-01
2.383420226558508048e-01
2.415676264023725039e-02
6.212882088649451795e-02
3.778110535936185510e-01
2.891968270067279967e-02
-3.793470649557639796e-02
-7.901886656632615136e-01
-9.459828839542250289e-01
5.841119541150704420e-01
9.687543061495373919e-02
7.080701432849829668e-01
8.134985585950194054e-01
9.453179575145869151e-01
-3.590441826503207867e-01
3.871571256837089692e-01
8.074751035596672288e-02
-9.842770881378637426e-01
3.753800855678681714e-01
5.329069469521268143e-01
-8.432095127772516463e-01
