4.093440739325195921e-01
5.155268874234084642e-01
-7.920799900255071080e-02
6.299815600957137107e-02
5.646787549889920044e-02
8.356735856954511377e-02
8.127707813510214319e-01
5.435321828020471813e-01
8.143971634232511914e-01
9.339075960551750377e-01
-3.116598635825610364e-01
6.158053006059962531e-01
4.222348867980518783e-01
-5.032177666214345813e-01
9.287597550081010400e-01
-7.665424837158194560e-01
9.832959434986605629e-01
2.868105984041975365e-01
-6.835441584817771865e-01
-4.840775285984237897e-01
7.335970849981255926e-01
-1.863503760255094122e-01
-8.106036061965111728e-01
-2.899138980746425176e-01
5.356510868012609450e-02
9.352020842056620875e-01
7.728029726984788628e-01
9.046955940564407328e-01
1.742673638631839772e-01
-4.011423383854835212e-01
3.418849160932576486e-02
-7.423962728313491244e-01
7.923493616050212296e-01
4.108451004271018725e-02
-6.788355679020119382e-02
4.965499559725965462e-01
7.061885358569284232e-01
-8.627573155558189155e-01
-3.421467205693073943e-01
4.379932801918686724e-01
-3.699385348393267048e-01
1.708924481826710196e-01
-7.916910366655525166e-01
5.918220615636624604e-01
-7.654914841260425096e-01
3.961741163499349350e-01
-8.027223062494912575e-01
-6.924061248247175282e-01
7.967985758883469050e-01
-5.386864411694324284e-01
7.864306843890563892e-01
-5.043478431373746851e-01
-9.717334342302537120e-01
-9.266263547602462403e-01
-9.784561236138453744e-01
6.053661636590164097e-01
6.161757085304990778e-01
-8.693911440392876333e-01
2.380321973980188410e-01
-3.354703193732406774e-01
-4.520030140160109511e-01
3.737752937196104353e-01
1.481283269160618143e-01
-6.320814817430395749e-01
6.492949867758270877e-01
-3.459970747279574876e-01
8.119809660380472582e-02
-6.280505402840390605e-01
7.635122564216734187e-01
-1.533267542124949756e-01
-1.638944842717040551e-01
-2.462224024270547318e-01
-7.027315988845463934e-01
-1.805151443484949991e-01
4.767370982641641053e-01
-7.362516167038917203e-01
-1.487823145330831043e-01
2.194367006974817513e-01
3.930317839191475038e-01
-5.714161846236689435e-01
-7.150159036701021487e-01
5.318525874764606920e-01
-7.790755084272273923e-01
7.657255113678207437e-03
-4.472801865216697870e-01
-2.198421889526964712e-01
3.476088057045392254e-01
-3.170866934625271583e-01
-3.721524559391697906e-01
4.779412992262934701e-01
9.995219265411333653e-01
5.775304235977416489e-01
7.036546012424000907e-01
1.895484978788686270e-02
9.578033581426090848e-01
-3.529134159861537778e-01
9.190229749961578154e-01
7.633975197775491051e-01
1.716469744125781460e-02
-6.074743384125373957e-01
8.208090807518773069e-01
-5.851118472407115245e-01
-9.401454217342897213e-01
-1.107186180391694919e-02
-6.979574175466232155e-01
6.190649643340713215e-01
5.943800179691655083e-01
-5.699646239278412935e-02
-1.301633490496607592e-01
3.751277459765143263e-01
-7.324001545046769923e-01
-7.198265462838957518e-01
-2.702582764440271124e-01
4.696260805357703738e-01
-1.049345155410772445e-01
7.898370369143659087e-01
-2.957454313332714690e-01
8.764887011787450000e-01
-7.511050907480109062e-01
-4.360365677469062451e-01
-9.099956595349688593e-01
-1.749328558073478049e-02
-6.298454775829325225e-01
6.011225624791336486e-01
-4.654100484900081103e-01
1.962775672632302015e-01
1.945823553180421606e-01
6.786693323625001550e-01
7.886167164373938387e-01
-3.263556596711367774e-01
-8.551608603961973198e-01
-8.588651772688877806e-01
9.994831281670639722e-01
8.559759484312658984e-01
-8.908986861117987877e-01
-5.600372909953119649e-01
-4.303059099145882804e-01
-3.962201960490352448e-02
-6.359916340895210851e-01
6.124744914666235829e-02
2.673687292087285616e-01
-5.086669744768999024e-01
-9.512755939708563702e-01
3.881449217247385786e-01
-6.759405801104128031e-01
5.028790528330109311e-01
-5.708402875852647274e-01
-3.850895344251221708e-01
-1.252642157476158147e-02
2.371269507767443940e-01
-3.061720787029786894e-01
-6.900651774864574595e-01
1.960874123717992745e-01
3.784010518992992900e-01
-1.422443503768451301e-01
4.665963712075902325e-01
3.154778951914216645e-01
8.505243313109996928e-01
-9.408739467333337991e-01
3.383578131488309548e-01
-3.377298399887609381e-01
1.825777240268913748e-01
-2.135492946564141459e-01
6.689658014701740374e-01
-2.069616162743090904e-01
3.154241164946949838e-01
8.238140468114465431e-01
-3.847698032137477631e-01
-9.922259872192376040e-01
4.085070968391322221e-01
3.353861888621119114e-01
3.009789733135355139e-01
-4.891685155674720953e-01
-8.094879221937524294e-01
-7.281150270359484367e-01
4.202740974146501607e-02
9.736044408489561430e-01
2.924276660103855008e-01
4.999313857596638933e-01
7.856870602016696736e-02
-5.747905315906601809e-01
2.228862918162599349e-01
-7.917140183894053607e-01
9.495806297991620237e-01
-8.534704144055036412e-01
2.877248912117972290e-01
-8.003441161163102890e-01
5.127161806146030010e-02
-5.951189728356554021e-01
4.745992445655433656e-01
4.990261339542219066e-01
-1.000000000000000000e+00
1.000000000000000000e+00
9.951573230560133432e-01
-5.124587390248822594e-01
-1.844677104319087935e-01
9.620260461721192868e-01
-7.375251325179124073e-01
-3.766562511040549843e-02
1.536947257035982117e-01
5.054703254654989708e-01
6.405444752028492950e-01
2.251090872078784777e-01
-8.778990574110865364e-01
9.087818658997901533e-01
-5.592020233501220350e-01
-3.500777250161737353e-01
-5.138464180525943448e-01
3.735235141913466617e-01
-3.665576498895530833e-01
-9.493613474695347110e-01
4.871959025649961195e-01
3.746122449605078231e-01
9.595078239480407944e-01
3.105630263514964559e-02
1.095228337966338977e-01
4.747605803549455050e-01
-5.585173725849605919e-01
9.454011235106614119e-01
-6.134585787132567081e-01
-1.000000000000000000e+00
3.243364244795856610e-01
-9.813237019933600536e-01
6.107220716166946589e-02
4.455716878984492535e-01
1.528097378183585764e-01
-4.808036121996333012e-01
8.961193598786807435e-01
-1.364284919601406187e-01
9.944316201627050322e-01
-9.627890252069406518e-01
1.527140812270124659e-01
-1.336313169251976962e-01
-1.875562082677109110e-01
6.848453414273325546e-01
-7.604207391584083542e-01
-6.065223076347423525e-01
-5.135162776194590606e-02
9.772758223154185409e-01
-5.634477299342681711e-01
2.521022907117478340e-01
4.080460852202285604e-01
1.561494523461870176e-01
6.748799907900053796e-01
4.163040113918754503e-01
-7.538077546968957598e-02
2.744445292291951000e-01
-1.343363539488902636e-01
8.400885461832727774e-01
-9.692256582378513396e-01
-9.195848404889321870e-01
8.673994704325165284e-01
-7.245648184732311758e-01
3.969337696102068769e-01
-3.334713682234962118e-01
-5.281222992394003501e-01
2.729335111936437297e-01
1.468784639899132216e-01
-3.134289569570622991e-01
6.301784026645582681e-01
-7.646862262600402360e-01
-2.509742334468230140e-01
4.530317591247399189e-01
6.100284557822637233e-01
-6.514656939795882007e-01
