-1.250629474908531158e-01
8.090806092167228680e-01
1.878707124203100598e-01
1.686970462512089597e-01
-1.000000000000000000e+00
3.067636383004386236e-01
6.473200508897309913e-01
8.631088133167311716e-01
1.254323650073452256e-01
6.576793480231706290e-01
5.297208979555682040e-01
-4.196389266670990104e-01
3.685503744388558545e-01
-4.080016364879734958e-01
5.842571405849779076e-01
-3.466115547363524119e-01
7.751517892624082418e-01
-9.693754401699365975e-01
-2.689032911600734987e-01
-8.380549507908559015e-01
8.804528588107769504e-01
1.635351414513854795e-01
8.140258070956245540e-01
2.072442165294033356e-01
1.323589853754139067e-01
7.503726354104345297e-01
-1.772929485135638084e-01
2.995164168316268860e-01
-9.651191714029860869e-01
-5.378902519215825739e-01
1.956902772444299998e-01
3.447420862150554211e-01
3.133859308832178669e-01
4.313915844649631737e-01
2.509883899222451475e-01
-9.484407875718401382e-01
-5.505643370843458229e-01
9.571900371901933546e-01
4.579490265479797539e-01
-8.607817478705670489e-02
9.090932215416192008e-02
-3.681334593224954155e-01
-2.653214325626656045e-01
-1.610131659856530728e-01
-7.406095663892304781e-01
-6.772524257356804522e-01
-2.496974378931129390e-01
-9.724912674019166037e-01
6.304491271117735884e-01
7.882840858332931244e-01
1.846287529464551991e-01
4.907504107005844496e-02
-1.173354185744446415e-01
8.054210236162915315e-01
-8.383537733847217233e-01
7.303072747080692206e-01
8.040167789707572954e-01
-3.435781601672476260e-01
7.365922035598315709e-02
9.057299912660097263e-01
3.526038094241679133e-03
-2.495298640928591549e-01
-5.661755683646196857e-02
4.101461063092746162e-01
2.877615238254573882e-01
-6.124828195850517965e-02
6.686475851118695024e-01
-4.798207392348998734e-01
-3.122335041100532393e-01
-8.572344864375904816e-01
-6.476345828864729093e-01
8.988425011448861746e-01
-9.016482017430612617e-01
3.004055317811811232e-01
-2.246524224972539230e-01
-6.573545921121026758e-02
-7.555108330707012432e-02
-1.190357230663807026e-01
3.171346845224858324e-01
2.278221155503292739e-01
-4.116684620499388991e-02
9.631843214121489360e-01
6.245283119542361927e-01
2.134081972578916186e-01
-2.553552263453784388e-01
9.660356229130524497e-01
-8.546002861674460993e-01
8.701833434785646304e-01
-5.973460111277157925e-01
-3.621382817488409955e-01
6.598635241628532100e-01
-6.255615913276721951e-01
2.317000351754363585e-01
5.204368441204099138e-01
6.206703628687724184e-01
8.450359878178388406e-01
7.025677020919742777e-01
-7.824339219479027330e-01
-4.639513687272164288e-01
-3.056016020138008216e-02
6.235324603777556707e-01
5.006885831555905053e-01
7.993902904345497884e-01
2.184241391924050257e-01
7.637745070400472347e-01
3.103172358319060686e-01
6.431548577610208817e-01
5.960919694559037030e-01
-4.685498577879261828e-01
9.624077747716346387e-01
-4.081804930887872884e-01
-6.268854301917177185e-01
-8.925194407207508451e-01
7.114020040468627126e-01
9.820505620431145832e-01
8.322446301295061133e-01
-6.111818350808386757e-01
-6.574864543880380996e-01
-2.941038331849084031e-01
-5.826538122841307121e-01
2.515055324618022947e-01
-3.106855622590070087e-01
9.798583529380389123e-02
-1.422909573809389983e-01
-9.030301414440915497e-01
-4.723681287257458505e-01
-3.894161891811873666e-01
-1.667066498882592285e-01
-8.421918837556332527e-01
-3.291639434893678384e-01
3.977795742575236382e-01
-3.960126039178204493e-01
-3.000390349450319238e-01
-2.972059803527922206e-01
-9.997868769381941245e-01
-4.281208289699336422e-01
-1.920804999594030171e-01
1.195230169454355451e-01
1.924942311448460952e-01
7.322081708478649364e-01
-3.121676526666157248e-01
2.652918058512081512e-01
4.896662051593809739e-01
-5.143668600488625620e-01
3.604059168812450142e-01
-2.453071578133625419e-01
-1.553395544929567773e-01
-6.932079402039866833e-01
-4.985581450048990337e-01
-2.237838503412712399e-01
-6.109890391548720157e-01
-8.408707545640232706e-01
5.095705865782826915e-01
6.857620808609092844e-01
-7.521464277984296620e-01
6.708111602318420630e-01
4.828360244298213200e-01
1.910415124247302199e-01
9.171617304085091238e-01
-7.679115123201802895e-01
8.188826339392212272e-01
9.933726347939431101e-02
-6.555173792013280210e-01
-4.800260895146550300e-01
-9.832544105707077264e-01
-7.204297388873717178e-01
-7.700299982445901747e-02
-2.171946593882467802e-01
-6.986997838301987063e-01
-3.409730572009443961e-01
3.646558702896132154e-01
5.472819068823275845e-01
-3.836004349210624387e-01
-2.213448731369120903e-01
-2.728225698066686356e-01
-2.578622793293319782e-01
-9.698799705844869390e-01
-6.657437269831063542e-01
1.000000000000000000e+00
-2.980855055968010259e-01
2.768307090533010939e-01
-1.339454627635567885e-01
3.705987956217415835e-01
8.814246970573786921e-01
-3.368315758352642408e-01
-9.746166379773695265e-01
-8.870385601585745183e-01
2.370270605893254334e-01
-8.873847859120844728e-01
-1.461921685359865997e-01
1.362851296496603304e-01
2.454792960545926217e-01
4.796724249089558967e-01
2.023682084400110492e-01
-5.219338494234591064e-01
3.728623533093133879e-02
-7.311180830039942791e-01
8.527387596225839417e-01
6.208926460464234687e-01
-7.758985392224488908e-01
-2.835794339299213540e-01
-1.637801061063917096e-01
-6.324961360949619138e-01
-4.735748313294949607e-01
-9.956463269743596189e-01
-7.864540003326163653e-01
8.567124274542492479e-01
-9.084502880471698738e-01
-4.842150408666245909e-01
6.250802927550958010e-01
-6.226813756918424536e-01
1.318551070554427884e-01
7.858107042544433263e-01
2.699880090248838460e-01
3.097285880887092890e-01
-7.506522884436193088e-01
-6.909001594082764264e-02
4.758379855843390960e-01
1.986844923281054776e-01
1.989996028328149258e-01
-4.074292231264837749e-01
-8.049645018745743563e-01
-4.207869598440368009e-01
5.499168123474542647e-01
-6.868160255106207090e-01
-7.858766734792119735e-01
-1.810175113263576829e-01
-6.769114916459091358e-01
3.758802965089331760e-01
-5.230288124211286416e-01
-2.403678823715504898e-02
-9.600334323488057819e-02
8.745929932573426324e-01
1.000000000000000000e+00
5.640477130469252476e-01
1.797536126598342499e-01
2.436558764952714284e-01
-8.074393971531507175e-01
-3.389873130252634703e-01
-5.613800672883084708e-01
-6.562007845688531127e-01
2.361715382060056989e-01
-9.588457255223847842e-01
7.083343475584684690e-01
9.044160288223395128e-01
3.022370604335549160e-01
2.143751883079170195e-01
-5.515295988988653253e-01
8.525226588080181411e-01
6.236181978534116599e-01
1.797899303112806546e-01
1.065681121487305205e-01
-4.963877658001246140e-01
6.330591835884451513e-01
4.592148646074750706e-01
6.499191218039204188e-01
-6.152028248839132019e-01
-8.999415839648539084e-02
-5.631807781817861347e-01
3.772825491056861491e-01
3.110816529778916983e-01
-9.501895647596727557e-01
-4.352150408485755406e-02
7.415475889089668815e-01
-9.096934497866355773e-01
